0.000000000000000000e+00 -inf -inf 4.991112995535678222e-04 -inf 0.000000000000000000e+00
1.999999955296516418e-02 -6.947277828472979877e+01 -6.345950516483095072e+01 5.030463714946591938e-04 -6.948411836374816630e+01 0.000000000000000000e+00
3.999999910593032837e-02 -3.473638914236489939e+01 -2.875839485735656709e+01 5.147895378664568656e-04 -3.478299631310741091e+01 0.000000000000000000e+00
5.999999865889549255e-02 -2.315759276157659841e+01 -1.723757187380149958e+01 5.341556287297876586e-04 -2.326215396346147912e+01 0.000000000000000000e+00
7.999999821186065674e-02 -1.736819457118244969e+01 -1.152764065469568422e+01 5.608392734756002806e-04 -1.755219606071091931e+01 0.000000000000000000e+00
1.000000014901161194e-01 -1.389455565694596118e+01 -8.153350570257750007e+00 5.944197160047257804e-04 -1.417787239583045356e+01 0.000000000000000000e+00
1.199999973177909851e-01 -1.157879638078829920e+01 -5.954863954622385158e+00 6.343674493423320532e-04 -1.197934583246175144e+01 0.000000000000000000e+00
1.400000005960464478e-01 -9.924682612104257728e+00 -4.433718151034668153e+00 6.800525650703660415e-04 -1.045815434375830577e+01 0.000000000000000000e+00
1.599999964237213135e-01 -8.684097285591224846e+00 -3.339379843883637733e+00 7.307546859215220724e-04 -9.363765334486425118e+00 0.000000000000000000e+00
1.800000071525573730e-01 -7.719197587192200061e+00 -2.531487353141866237e+00 7.856743249144651107e-04 -8.555817924105660666e+00 0.000000000000000000e+00
2.000000029802322388e-01 -6.947277828472980588e+00 -1.924796483098994093e+00 8.439454919158946534e-04 -7.949068782895787777e+00 0.000000000000000000e+00
2.199999988079071045e-01 -6.315707116793618070e+00 -1.464195031277327308e+00 9.046493488452178947e-04 -7.488406627217191414e+00 0.000000000000000000e+00
2.399999946355819702e-01 -5.789398190394149601e+00 -1.112239039518349681e+00 9.668286982022689839e-04 -7.136388456108856637e+00 0.000000000000000000e+00
2.599999904632568359e-01 -5.344059868056138640e+00 -8.424608317048158934e-01 1.029503076458416393e-03 -6.866547573917066494e+00 0.000000000000000000e+00
2.800000011920928955e-01 -4.962341306052128864e+00 -6.355555873256806265e-01 1.091684214313718782e-03 -6.659580148400076283e+00 0.000000000000000000e+00
3.000000119209289551e-01 -4.631518552315320392e+00 -4.770964526426040297e-01 1.152391620037941568e-03 -6.501060306311274850e+00 0.000000000000000000e+00
3.199999928474426270e-01 -4.342048642795612423e+00 -3.561038193858250267e-01 1.210668040172405363e-03 -6.380009396634362062e+00 0.000000000000000000e+00
3.400000035762786865e-01 -4.086634016748812215e+00 -2.641126645219094016e-01 1.265594553803463468e-03 -6.287963315256814845e+00 0.000000000000000000e+00
3.600000143051147461e-01 -3.859598793596100030e+00 -1.945411624767798553e-01 1.316305062396362201e-03 -6.218341102703092815e+00 0.000000000000000000e+00
3.799999952316284180e-01 -3.656462014985779163e+00 -1.422476972200752421e-01 1.361999946709216034e-03 -6.166001942562075122e+00 0.000000000000000000e+00
4.000000059604644775e-01 -3.473638914236490294e+00 -1.032095212811310614e-01 1.401958675440604079e-03 -6.126923807894399943e+00 0.000000000000000000e+00
4.199999868869781494e-01 -3.308227537368086058e+00 -7.428255761197624651e-02 1.435551166793646574e-03 -6.097963251733891532e+00 0.000000000000000000e+00
4.399999976158142090e-01 -3.157853558396809035e+00 -5.301720272139080065e-02 1.462247723803867605e-03 -6.076671200286296148e+00 0.000000000000000000e+00
4.600000083446502686e-01 -3.020555577596947927e+00 -3.751417504471109970e-02 1.481627386767454769e-03 -6.061148792946652542e+00 0.000000000000000000e+00
4.799999892711639404e-01 -2.894699095197074801e+00 -2.631003131275044815e-02 1.493384571066212274e-03 -6.049932892030393639e+00 0.000000000000000000e+00
5.000000000000000000e-01 -2.778911131389192324e+00 -1.828540026825507814e-02 1.497333885721888191e-03 -6.041904311671242311e+00 0.000000000000000000e+00
5.199999809265136719e-01 -2.672029934028069320e+00 -1.259110699802431892e-02 1.493413056699404579e-03 -6.036213939230034242e+00 0.000000000000000000e+00
5.400000214576721191e-01 -2.573065862397400316e+00 -8.588691522388215011e-03 1.481683908863419769e-03 -6.032223252902233490e+00 0.000000000000000000e+00
5.600000023841857910e-01 -2.481170653026064432e+00 -5.802672836606771745e-03 1.462331391104426930e-03 -6.029456586734211143e+00 0.000000000000000000e+00
5.799999833106994629e-01 -2.395613044301027728e+00 -3.882465714313905643e-03 1.435660660006501119e-03 -6.027563050343016648e+00 0.000000000000000000e+00
6.000000238418579102e-01 -2.315759276157660196e+00 -2.572239963170515602e-03 1.402092268042351084e-03 -6.026286392983837281e+00 0.000000000000000000e+00
6.200000047683715820e-01 -2.241057364023542053e+00 -1.687291874945520817e-03 1.362155532169713121e-03 -6.025441381631484461e+00 0.000000000000000000e+00
6.399999856948852539e-01 -2.171024321397806212e+00 -1.095717475501140591e-03 1.316480187395153946e-03 -6.024895482576814842e+00 0.000000000000000000e+00
6.600000262260437012e-01 -2.105235705597872986e+00 -7.043606305164073263e-04 1.265786456914514552e-03 -6.024554819462310640e+00 0.000000000000000000e+00
6.800000071525573730e-01 -2.043317008374406107e+00 -4.481686334319705408e-04 1.210873695407128914e-03 -6.024353540226734083e+00 0.000000000000000000e+00
6.999999880790710449e-01 -1.984936522420851501e+00 -2.822295559601857638e-04 1.152607784559942557e-03 -6.024245867060109560e+00 0.000000000000000000e+00
7.200000286102294922e-01 -1.929799396798050015e+00 -1.758917994536309405e-04 1.091907479572856937e-03 -6.024200229608589474e+00 0.000000000000000000e+00
7.400000095367431641e-01 -1.877642656344048699e+00 -1.084777249711909474e-04 1.029729921937895228e-03 -6.024194993091742667e+00 0.000000000000000000e+00
7.599999904632568359e-01 -1.828231007492889582e+00 -6.620021511269375382e-05 9.670555469312524339e-04 -6.024215389956890654e+00 0.000000000000000000e+00
7.799999713897705078e-01 -1.781353289352046287e+00 -3.997385471188788617e-05 9.048726238016302839e-04 -6.024251346519619688e+00 0.000000000000000000e+00
8.000000119209289551e-01 -1.736819457118245147e+00 -2.388175171448971438e-05 8.441616724300295832e-04 -6.024295965367993055e+00 0.000000000000000000e+00
8.199999928474426270e-01 -1.694458006944629336e+00 -1.411585519209634906e-05 7.858800021840135807e-04 -6.024344481141716834e+00 0.000000000000000000e+00
8.399999737739562988e-01 -1.654113768684043029e+00 -8.254255412522109776e-06 7.309466167626371691e-04 -6.024393552927358897e+00 0.000000000000000000e+00
8.600000143051147461e-01 -1.615646006621623387e+00 -4.774836289145994001e-06 6.802277230572047586e-04 -6.024440792401940747e+00 0.000000000000000000e+00
8.799999952316284180e-01 -1.578926779198404518e+00 -2.732312471105053370e-06 6.345230725286921548e-04 -6.024484454528651334e+00 0.000000000000000000e+00
8.999999761581420898e-01 -1.543839517438440279e+00 -1.546593212440584702e-06 5.945533504752801429e-04 -6.024523238531446445e+00 0.000000000000000000e+00
9.200000166893005371e-01 -1.510277788798473964e+00 -8.659230526027119260e-07 5.609488120400042731e-04 -6.024556162399721693e+00 0.000000000000000000e+00
9.399999976158142090e-01 -1.478144218824038347e+00 -4.795396751452434430e-07 5.342393441495220776e-04 -6.024582485484234695e+00 0.000000000000000000e+00
9.599999785423278809e-01 -1.447349547598537400e+00 -2.626620297775370164e-07 5.148461100904639905e-04 -6.024601661840648603e+00 0.000000000000000000e+00
9.800000190734863281e-01 -1.417811801729179866e+00 -1.422931018213790571e-07 5.030749084743262045e-04 -6.024613312673336551e+00 0.000000000000000000e+00
1.000000000000000000e+00 -1.389455565694596162e+00 -7.623795718457086182e-08 4.991113513088276223e-04 -6.024617210175357229e+00 0.000000000000000000e+00
1.019999980926513672e+00 -1.362211338916270664e+00 -4.039682852740810114e-08 5.030179372094190386e-04 -6.024613267748327949e+00 0.000000000000000000e+00
1.039999961853027344e+00 -1.336014967014034660e+00 -2.116899920775336132e-08 5.147330659014646981e-04 -6.024601533391806818e+00 0.000000000000000000e+00
1.059999942779541016e+00 -1.310807137447732140e+00 -1.097032387080052171e-08 5.340720095527421883e-04 -6.024582184249480221e+00 0.000000000000000000e+00
1.080000042915344238e+00 -1.286532931198700158e+00 -5.622043982197413675e-09 5.607298256199727158e-04 -6.024555521085132703e+00 0.000000000000000000e+00
1.100000023841857910e+00 -1.263141423358723703e+00 -2.849146801404244600e-09 5.942861652787120169e-04 -6.024521961972577166e+00 0.000000000000000000e+00
1.120000004768371582e+00 -1.240585326513032216e+00 -1.427814668509129962e-09 6.342119016157656388e-04 -6.024482034814908182e+00 0.000000000000000000e+00
1.139999985694885254e+00 -1.218820671661926536e+00 -7.075487470790789666e-10 6.798774730687009212e-04 -6.024436368523189422e+00 0.000000000000000000e+00
1.159999966621398926e+00 -1.197806522150513864e+00 -3.467048605823990410e-10 7.305628105504855929e-04 -6.024385682824862975e+00 0.000000000000000000e+00
1.179999947547912598e+00 -1.177504716690335629e+00 -1.679865301893041153e-10 7.854686917252292830e-04 -6.024330776764970530e+00 0.000000000000000000e+00
1.200000047683715820e+00 -1.157879638078830098e+00 -8.048079607307344253e-11 8.437293433972350033e-04 -6.024272516025792612e+00 0.000000000000000000e+00
1.220000028610229492e+00 -1.138898004667701747e+00 -3.812466248677485529e-11 9.044260932949293487e-04 -6.024211819233538989e+00 0.000000000000000000e+00
1.240000009536743164e+00 -1.120528682011771027e+00 -1.785700800054394730e-11 9.666018559840564061e-04 -6.024149643450582126e+00 0.000000000000000000e+00
1.259999990463256836e+00 -1.102742512456028612e+00 -8.269773921240134996e-12 1.029276224491690187e-03 -6.024086969072486752e+00 0.000000000000000000e+00
1.279999971389770508e+00 -1.085512160698903106e+00 -3.786643786429166910e-12 1.091460929671608836e-03 -6.024024784362824292e+00 0.000000000000000000e+00
1.299999952316284180e+00 -1.068811973611227817e+00 -1.714292925563641426e-12 1.152175423542880096e-03 -6.023964069866880600e+00 0.000000000000000000e+00
1.320000052452087402e+00 -1.052617852798936493e+00 -7.673253304721542222e-13 1.210462340878695319e-03 -6.023905782948597576e+00 0.000000000000000000e+00
1.340000033378601074e+00 -1.036907138578056609e+00 -3.395723848093961395e-13 1.265402595242236250e-03 -6.023850842693806662e+00 0.000000000000000000e+00
1.360000014305114746e+00 -1.021658504187203054e+00 -1.485724080209729339e-13 1.316129871430557789e-03 -6.023800115417427214e+00 0.000000000000000000e+00
1.379999995231628418e+00 -1.006851859198982568e+00 -6.426755690705843231e-14 1.361844285805061333e-03 -6.023754401002967995e+00 0.000000000000000000e+00
1.399999976158142090e+00 -9.924682612104257506e-01 -2.748453051381539207e-14 1.401824999108171928e-03 -6.023714420289628002e+00 0.000000000000000000e+00
1.419999957084655762e+00 -9.784895063948033656e-01 -1.162021213974598043e-14 1.435442304126484294e-03 -6.023680802984594074e+00 0.000000000000000000e+00
1.440000057220458984e+00 -9.648996983990250076e-01 -4.857260242613247216e-15 1.462163960269298587e-03 -6.023654081328444931e+00 0.000000000000000000e+00
1.460000038146972656e+00 -9.516822051540601013e-01 -2.007234901497121115e-15 1.481570391570960097e-03 -6.023634674897140329e+00 0.000000000000000000e+00
1.480000019073486328e+00 -9.388213281720243497e-01 -8.199959129617070339e-16 1.493355982741549843e-03 -6.023622889305968009e+00 0.000000000000000000e+00
1.500000000000000000e+00 -9.263034159777943088e-01 -3.311661880034961046e-16 1.497333783230615995e-03 -6.023618911505479012e+00 0.000000000000000000e+00
1.519999980926513672e+00 -9.141155037464447908e-01 -1.322258472169863035e-16 1.493441439635218937e-03 -6.023622803849074003e+00 0.000000000000000000e+00
1.539999961853027344e+00 -9.022441532138432141e-01 -5.219157519007210038e-17 1.481740701558753853e-03 -6.023634504587150218e+00 0.000000000000000000e+00
1.559999942779541016e+00 -8.906766446760231437e-01 -2.036455491915460920e-17 1.462414962153624123e-03 -6.023653830326555436e+00 0.000000000000000000e+00
1.580000042915344238e+00 -8.794019913497813645e-01 -7.855169896377143950e-18 1.435769343042493217e-03 -6.023680475945666579e+00 0.000000000000000000e+00
1.600000023841857910e+00 -8.684097285591225734e-01 -2.995429698739045678e-18 1.402225776885707023e-03 -6.023714019511823281e+00 0.000000000000000000e+00
1.620000004768371582e+00 -8.576888732729417431e-01 -1.129178862799237883e-18 1.362312064996307453e-03 -6.023753933223712664e+00 0.000000000000000000e+00
1.639999985694885254e+00 -8.472290034723146679e-01 -4.207680345716626070e-19 1.316655246390615068e-03 -6.023799590042318464e+00 0.000000000000000000e+00
1.659999966621398926e+00 -8.370211846643751397e-01 -1.549944751952568921e-19 1.265977042561605226e-03 -6.023850268246147444e+00 0.000000000000000000e+00
1.679999947547912598e+00 -8.270568843420215144e-01 -5.644186067118422951e-20 1.211079306540214975e-03 -6.023905165982168519e+00 0.000000000000000000e+00
1.700000047683715820e+00 -8.173270326204383762e-01 -2.031770704300155914e-20 1.152825338882308400e-03 -6.023963419949827092e+00 0.000000000000000000e+00
1.720000028610229492e+00 -8.078230033108116936e-01 -7.229564101878451922e-21 1.092130725402719847e-03 -6.024024114563306220e+00 0.000000000000000000e+00
1.740000009536743164e+00 -7.985374625831388462e-01 -2.542915966181971585e-21 1.029955268543055131e-03 -6.024086290020165713e+00 0.000000000000000000e+00
1.759999990463256836e+00 -7.894633895992022588e-01 -8.842068084107168471e-22 9.672824021239598627e-04 -6.024148962886584968e+00 0.000000000000000000e+00
1.779999971389770508e+00 -7.805932235603540992e-01 -3.039160874668642259e-22 9.050973872234153311e-04 -6.024211147901485930e+00 0.000000000000000000e+00
1.799999952316284180e+00 -7.719197587192201393e-01 -1.032539496145946578e-22 8.443778848948078159e-04 -6.024271867403814262e+00 0.000000000000000000e+00
1.820000052452087402e+00 -7.634369239742395674e-01 -3.467628113461832146e-23 7.860843699177521822e-04 -6.024330160918791144e+00 0.000000000000000000e+00
1.840000033378601074e+00 -7.551388943992369818e-01 -1.151203119968939024e-23 7.311386030340248339e-04 -6.024385106685675062e+00 0.000000000000000000e+00
1.860000014305114746e+00 -7.470193128639687208e-01 -3.777812315868224657e-24 6.804041000002256697e-04 -6.024435841188708451e+00 0.000000000000000000e+00
1.879999995231628418e+00 -7.390721094120191736e-01 -1.225384153265903553e-24 6.346787711425714131e-04 -6.024481566517566833e+00 0.000000000000000000e+00
1.899999976158142090e+00 -7.312922194536929377e-01 -3.928878009348146211e-25 5.946861886642307001e-04 -6.024521559100044499e+00 0.000000000000000000e+00
1.919999957084655762e+00 -7.236747737992687002e-01 -1.245234644873817742e-25 5.610584412904683809e-04 -6.024555186847418753e+00 0.000000000000000000e+00
1.940000057220458984e+00 -7.162143851737025058e-01 -3.901170038540019271e-26 5.343237075055594148e-04 -6.024581921581203758e+00 0.000000000000000000e+00
1.960000038146972656e+00 -7.089059008645899329e-01 -1.208017880694539083e-26 5.149027825617542463e-04 -6.024601342506147539e+00 0.000000000000000000e+00
1.980000019073486328e+00 -7.017450661879890417e-01 -3.697505047763227767e-27 5.031033593880760183e-04 -6.024613141929321181e+00 0.000000000000000000e+00
2.000000000000000000e+00 -6.947277828472980810e-01 -1.118727376880403446e-27 4.991115065745966141e-04 -6.024617133782134815e+00 0.000000000000000000e+00
2.019999980926513672e+00 -6.878494523319547138e-01 -3.345752059667854088e-28 5.029894195725613916e-04 -6.024613255869136097e+00 0.000000000000000000e+00
2.039999961853027344e+00 -6.811056694581353321e-01 -9.889862307787493120e-29 5.146766942071997987e-04 -6.024601568594501799e+00 0.000000000000000000e+00
2.059999942779541016e+00 -6.744928369165222870e-01 -2.889595361879271059e-29 5.339890358140022761e-04 -6.024582256252895007e+00 0.000000000000000000e+00
2.079999923706054688e+00 -6.680074835070173300e-01 -8.345616290802737354e-30 5.606204684958196764e-04 -6.024555624820212785e+00 0.000000000000000000e+00
2.099999904632568359e+00 -6.616456577212856960e-01 -2.382470489053228693e-30 5.941518205303122175e-04 -6.024522093468179129e+00 0.000000000000000000e+00
2.119999885559082031e+00 -6.554035687238660701e-01 -6.722280022885896175e-31 6.340564293812517207e-04 -6.024482188859328069e+00 0.000000000000000000e+00
2.140000104904174805e+00 -6.492781570430857796e-01 -1.874778854062635940e-31 6.797035983594065453e-04 -6.024436541690350033e+00 0.000000000000000000e+00
2.160000085830688477e+00 -6.432664655993500791e-01 -5.168366443209891842e-32 7.303709906893200102e-04 -6.024385874298019417e+00 0.000000000000000000e+00
2.180000066757202148e+00 -6.373650778146687790e-01 -1.408311377316052404e-32 7.852617502454971180e-04 -6.024330983538463968e+00 0.000000000000000000e+00
2.200000047683715820e+00 -6.315707116793618514e-01 -3.792779719705000319e-33 8.435132269188784894e-04 -6.024272732061790592e+00 0.000000000000000000e+00
2.220000028610229492e+00 -6.258807510043985500e-01 -1.009614617681675800e-33 9.042043257919372967e-04 -6.024212040962916959e+00 0.000000000000000000e+00
2.240000009536743164e+00 -6.202926632565161080e-01 -2.656557685533312413e-34 9.663750203236579073e-04 -6.024149870268385776e+00 0.000000000000000000e+00
2.259999990463256836e+00 -6.148034773791986041e-01 -6.909076278603512007e-35 1.029047873574024047e-03 -6.024087197415134654e+00 0.000000000000000000e+00
2.279999971389770508e+00 -6.094103358309632679e-01 -1.775940493955510607e-35 1.091237625692833592e-03 -6.024025007663015963e+00 0.000000000000000000e+00
2.299999952316284180e+00 -6.041109902657165742e-01 -4.512021341044994206e-36 1.151960617779250982e-03 -6.023964284670929814e+00 0.000000000000000000e+00
2.319999933242797852e+00 -5.989032610752569319e-01 -1.133119766521297326e-36 1.210256597568658667e-03 -6.023905988691140578e+00 0.000000000000000000e+00
2.339999914169311523e+00 -5.937845507921610810e-01 -2.812633068213712154e-37 1.265209317837446678e-03 -6.023851035970871237e+00 0.000000000000000000e+00
2.359999895095825195e+00 -5.887523583451678144e-01 -6.900056571974037779e-38 1.315954614534074274e-03 -6.023800290674174995e+00 0.000000000000000000e+00
2.380000114440917969e+00 -5.838047425607661989e-01 -1.673101306681029962e-38 1.361689574316915117e-03 -6.023754555714392112e+00 0.000000000000000000e+00
2.400000095367431641e+00 -5.789398190394150490e-01 -4.010056906675521811e-39 1.401691239072777248e-03 -6.023714554049636405e+00 0.000000000000000000e+00
2.420000076293945312e+00 -5.741553055756302149e-01 -9.499644153359119381e-40 1.435331186454896638e-03 -6.023680914102254036e+00 0.000000000000000000e+00
2.440000057220458984e+00 -5.694490023338508733e-01 -2.224136788547459890e-40 1.462080100518090963e-03 -6.023654165188190746e+00 0.000000000000000000e+00
2.460000038146972656e+00 -5.648192261578371953e-01 -5.146853093133691152e-41 1.481514415330297246e-03 -6.023634730873379084e+00 0.000000000000000000e+00
2.480000019073486328e+00 -5.602643410058855133e-01 -1.177275026296544291e-41 1.493327291731346568e-03 -6.023622917996977577e+00 0.000000000000000000e+00
2.500000000000000000e+00 -5.557823322925894427e-01 -2.661576099510044937e-42 1.497333573485642869e-03 -6.023618911715223234e+00 0.000000000000000000e+00
2.519999980926513672e+00 -5.513712562280143059e-01 -5.946927066181378005e-43 1.493469719867769434e-03 -6.023622775568841625e+00 0.000000000000000000e+00
2.539999961853027344e+00 -5.470296475715064055e-01 -1.313315061852237540e-43 1.481796282040196821e-03 -6.023634449006668667e+00 0.000000000000000000e+00
2.559999942779541016e+00 -5.427560803494515529e-01 -2.866808180744938639e-44 1.462498436934127344e-03 -6.023653746851774571e+00 0.000000000000000000e+00
2.579999923706054688e+00 -5.385487684159978583e-01 -6.185143380090396324e-45 1.435880093104876512e-03 -6.023680365195604125e+00 0.000000000000000000e+00
2.599999904632568359e+00 -5.344059868056139084e-01 -1.318831809133260452e-45 1.402359201942985061e-03 -6.023713886086765612e+00 0.000000000000000000e+00
2.619999885559082031e+00 -5.303264552659948672e-01 -2.779383179652110881e-46 1.362465454282258716e-03 -6.023753779834426503e+00 0.000000000000000000e+00
2.640000104904174805e+00 -5.263089263994682465e-01 -5.789734610283180067e-47 1.316830239346439540e-03 -6.023799415049362338e+00 0.000000000000000000e+00
2.660000085830688477e+00 -5.223518100712041257e-01 -1.192030151708632134e-47 1.266171358233020901e-03 -6.023850073930476334e+00 0.000000000000000000e+00
2.680000066757202148e+00 -5.184535692890283043e-01 -2.425494836015316731e-48 1.211284873529021224e-03 -6.023904960415180199e+00 0.000000000000000000e+00
2.700000047683715820e+00 -5.146130815889518040e-01 -4.877866361477032422e-49 1.153038595896892921e-03 -6.023963206692812378e+00 0.000000000000000000e+00
2.720000028610229492e+00 -5.108292520936015269e-01 -9.696360560755128405e-50 1.092353951757010127e-03 -6.024023891336952374e+00 0.000000000000000000e+00
2.740000009536743164e+00 -5.071006596775768926e-01 -1.905035858073212567e-50 1.030185085543217994e-03 -6.024086060203165616e+00 0.000000000000000000e+00
2.759999990463256836e+00 -5.034259295994912842e-01 -3.698949157079781958e-51 9.675092637333438349e-04 -6.024148736024975470e+00 0.000000000000000000e+00
2.779999971389770508e+00 -4.998040745871102919e-01 -7.098511772431887268e-52 9.053177625159732067e-04 -6.024210927526192805e+00 0.000000000000000000e+00
2.799999952316284180e+00 -4.962341306052128753e-01 -1.346492388632070941e-52 8.445941292653864245e-04 -6.024271651159443408e+00 0.000000000000000000e+00
2.819999933242797852e+00 -4.927148229277878988e-01 -2.524372614276345187e-53 7.862928426580900743e-04 -6.024329952446050740e+00 0.000000000000000000e+00
2.839999914169311523e+00 -4.892449174980971760e-01 -4.677139592560181697e-54 7.313306446958714284e-04 -6.024384914644013378e+00 0.000000000000000000e+00
2.859999895095825195e+00 -4.858235433633169564e-01 -8.564824540284352530e-55 6.805770834030875228e-04 -6.024435668205305738e+00 0.000000000000000000e+00
2.880000114440917969e+00 -4.824498491995125038e-01 -1.550253821037577251e-55 6.348345451516795770e-04 -6.024481410743557142e+00 0.000000000000000000e+00
2.900000095367431641e+00 -4.791226876464334539e-01 -2.773305687231337591e-56 5.948217510916798886e-04 -6.024521423537617437e+00 0.000000000000000000e+00
2.920000076293945312e+00 -4.758409471556836468e-01 -4.903054230220524293e-57 5.611681612042554749e-04 -6.024555077127504710e+00 0.000000000000000000e+00
2.940000057220458984e+00 -4.726038572527826997e-01 -8.567313201045445809e-58 5.344065113078868374e-04 -6.024581838777400833e+00 0.000000000000000000e+00
2.960000038146972656e+00 -4.694106640860121749e-01 -1.479679087624965724e-58 5.149595552685740140e-04 -6.024601285733440115e+00 0.000000000000000000e+00
2.980000019073486328e+00 -4.662603315573701779e-01 -2.525799289623295800e-59 5.031324799276390728e-04 -6.024613112808781423e+00 0.000000000000000000e+00
3.000000000000000000e+00 -4.631518552315320170e-01 -4.260897135380954659e-60 4.991117653508424885e-04 -6.024617133523357815e+00 0.000000000000000000e+00
3.019999980926513672e+00 -4.600846244021841724e-01 -7.104422300983369674e-61 5.029613767457838868e-04 -6.024613283911962824e+00 0.000000000000000000e+00
3.039999961853027344e+00 -4.570577518732223954e-01 -1.170747199975419812e-61 5.146204227953527941e-04 -6.024601624865913330e+00 0.000000000000000000e+00
3.059999942779541016e+00 -4.540704463054235918e-01 -1.906793388746658440e-62 5.339050599960630137e-04 -6.024582340228713306e+00 0.000000000000000000e+00
3.079999923706054688e+00 -4.511219369138298463e-01 -3.069374059027589428e-63 5.605112021258209370e-04 -6.024555734086582959e+00 0.000000000000000000e+00
3.099999904632568359e+00 -4.482114728047084107e-01 -4.883162760167430093e-64 5.940193151710760787e-04 -6.024522225973537815e+00 0.000000000000000000e+00
3.119999885559082031e+00 -4.453383223380115719e-01 -7.678162881576541578e-65 6.339010326710336042e-04 -6.024482344256037791e+00 0.000000000000000000e+00
3.140000104904174805e+00 -4.425017725142025848e-01 -1.193212318406713050e-65 6.795274871661258816e-04 -6.024436717801543217e+00 0.000000000000000000e+00
3.160000085830688477e+00 -4.397011283843658691e-01 -1.832660325014969631e-66 7.301792263778067622e-04 -6.024386066062331402e+00 0.000000000000000000e+00
3.180000066757202148e+00 -4.369357124825773431e-01 -2.781952010933308174e-67 7.850575577582731904e-04 -6.024331187730950887e+00 0.000000000000000000e+00
3.200000047683715820e+00 -4.342048642795612867e-01 -4.173690768196086325e-68 8.432971425256458129e-04 -6.024272948146183637e+00 0.000000000000000000e+00
3.220000028610229492e+00 -4.315079396567068626e-01 -6.188614947957441065e-69 9.039796405979247081e-04 -6.024212265648110964e+00 0.000000000000000000e+00
3.240000009536743164e+00 -4.288443103995667194e-01 -9.069196288465108005e-70 9.661481912681181040e-04 -6.024150097097440870e+00 0.000000000000000000e+00
3.259999990463256836e+00 -4.262133637099988492e-01 -1.313547804657983637e-70 1.028822501284684752e-03 -6.024087422787424373e+00 0.000000000000000000e+00
3.279999971389770508e+00 -4.236145017361573339e-01 -1.880287714839185618e-71 1.091014302423703878e-03 -6.024025230986285173e+00 0.000000000000000000e+00
3.299999952316284180e+00 -4.210471411195745861e-01 -2.660135066552675478e-72 1.151742934812932662e-03 -6.023964502353895689e+00 0.000000000000000000e+00
3.319999933242797852e+00 -4.185107125586132737e-01 -3.719492083729936466e-73 1.210050810284965268e-03 -6.023906194478423792e+00 0.000000000000000000e+00
3.339999914169311523e+00 -4.160046603876035864e-01 -5.140007867098614897e-74 1.265018511928501241e-03 -6.023851226776780976e+00 0.000000000000000000e+00
3.359999895095825195e+00 -4.135284421710107572e-01 -7.020107351456527131e-75 1.315779291743258235e-03 -6.023800465996965947e+00 0.000000000000000000e+00
3.380000114440917969e+00 -4.110815283120107244e-01 -9.475959253623058484e-76 1.361532737794922746e-03 -6.023754712550914547e+00 0.000000000000000000e+00
3.400000095367431641e+00 -4.086634016748811882e-01 -1.264159056759727889e-76 1.401557395362160868e-03 -6.023714687893346742e+00 0.000000000000000000e+00
3.420000076293945312e+00 -4.062735572206421231e-01 -1.666782799887169694e-77 1.435222143061485722e-03 -6.023681023145647906e+00 0.000000000000000000e+00
3.440000057220458984e+00 -4.039115016554058468e-01 -2.171974435846815152e-78 1.461996144567637070e-03 -6.023654249144141382e+00 0.000000000000000000e+00
3.460000038146972656e+00 -4.015767530909237215e-01 -2.797231943605349505e-79 1.481457219007642359e-03 -6.023634788069701429e+00 0.000000000000000000e+00
3.480000019073486328e+00 -3.992688407168379916e-01 -3.560409791795138834e-80 1.493298498041552118e-03 -6.023622946790667676e+00 0.000000000000000000e+00
3.500000000000000000e+00 -3.969873044841703558e-01 -4.478874618684458076e-81 1.497333264658892889e-03 -6.023618912024049976e+00 0.000000000000000000e+00
3.519999980926513672e+00 -3.947316947996011294e-01 -5.568457536234820270e-82 1.493497897391190968e-03 -6.023622747391318200e+00 0.000000000000000000e+00
3.539999961853027344e+00 -3.925015722301118393e-01 -6.842230365743878951e-83 1.481852873515287963e-03 -6.023634392415194050e+00 0.000000000000000000e+00
3.559999942779541016e+00 -3.902965072175831884e-01 -8.309156398893916406e-84 1.462581815428625137e-03 -6.023653663473280240e+00 0.000000000000000000e+00
3.579999923706054688e+00 -3.881160798029598125e-01 -9.972690268584837191e-85 1.435988595233559078e-03 -6.023680256693475066e+00 0.000000000000000000e+00
3.599999904632568359e+00 -3.859598793596100696e-01 -1.182942359358280136e-85 1.402492543186511587e-03 -6.023713752745522676e+00 0.000000000000000000e+00
3.619999885559082031e+00 -3.838275043355238170e-01 -1.386789022998155686e-86 1.362621835566663010e-03 -6.023753623453142581e+00 0.000000000000000000e+00
3.640000104904174805e+00 -3.817185620040099425e-01 -1.606765416901002527e-87 1.317005166226335646e-03 -6.023799240122483134e+00 0.000000000000000000e+00
3.660000085830688477e+00 -3.796326682225672489e-01 -1.839880167622112308e-88 1.266361833148673668e-03 -6.023849883455560494e+00 0.000000000000000000e+00
3.680000066757202148e+00 -3.775694471996184909e-01 -2.082194529492024356e-89 1.211490396330917050e-03 -6.023904754892377866e+00 0.000000000000000000e+00
3.700000047683715820e+00 -3.755285312688097510e-01 -2.328882018638541127e-90 1.153256085839317064e-03 -6.023962989202869878e+00 0.000000000000000000e+00
3.720000028610229492e+00 -3.735095606705903237e-01 -2.574351383420154925e-91 1.092577158589430825e-03 -6.024023668130119802e+00 0.000000000000000000e+00
3.740000009536743164e+00 -3.715121833408010499e-01 -2.812432094694213636e-92 1.030410418982399389e-03 -6.024085834869726597e+00 0.000000000000000000e+00
3.759999990463256836e+00 -3.695360547060095868e-01 -3.036616056832721543e-93 9.677361317123561561e-04 -6.024148509156996845e+00 0.000000000000000000e+00
3.779999971389770508e+00 -3.675808374853428706e-01 -3.240343729043454002e-94 9.055425646445424510e-04 -6.024210702724064781e+00 0.000000000000000000e+00
3.799999952316284180e+00 -3.656462014985779052e-01 -3.417317907051190648e-95 8.448104054969213976e-04 -6.024271434883211818e+00 0.000000000000000000e+00
3.819999933242797852e+00 -3.637318234802607297e-01 -3.561824641784456236e-96 7.864972980479386939e-04 -6.024329747990661232e+00 0.000000000000000000e+00
3.839999914169311523e+00 -3.618373868996343501e-01 -3.669038672717467557e-97 7.315227417083473762e-04 -6.024384722547000415e+00 0.000000000000000000e+00
3.859999895095825195e+00 -3.599625817861647481e-01 -3.735290677072648209e-98 6.807535925654326818e-04 -6.024435491696143785e+00 0.000000000000000000e+00
3.880000114440917969e+00 -3.581071045604629077e-01 -3.758275712715819968e-99 6.349903945237101322e-04 -6.024481254894185511e+00 0.000000000000000000e+00
3.900000095367431641e+00 -3.562706578704092353e-01 -3.737186345176640855e-100 5.949547560769536184e-04 -6.024521290532631745e+00 0.000000000000000000e+00
3.920000076293945312e+00 -3.544529504322949665e-01 -3.672759736173868009e-101 5.612779717586116211e-04 -6.024554967316950282e+00 0.000000000000000000e+00
3.940000057220458984e+00 -3.526536968768010372e-01 -3.567234864063514092e-102 5.344910676911389380e-04 -6.024581754221017604e+00 0.000000000000000000e+00
3.960000038146972656e+00 -3.508726175996454977e-01 -3.424223338519762129e-103 5.150164281991492917e-04 -6.024601228860509750e+00 0.000000000000000000e+00
3.980000019073486328e+00 -3.491094386167326591e-01 -3.248504204779148597e-104 5.031611355205974729e-04 -6.024613084153188858e+00 0.000000000000000000e+00
4.000000000000000000e+00 -3.473638914236490405e-01 -3.045758994383782243e-105 4.991121276375112522e-04 -6.024617133161071614e+00 0.000000000000000000e+00
4.019999980926513672e+00 -3.456357128593522399e-01 -2.822267491578644955e-106 5.029332505791199578e-04 -6.024613312038129997e+00 0.000000000000000000e+00
4.039999961853027344e+00 -3.439246449739098987e-01 -2.584586872981431195e-107 5.145642516775939283e-04 -6.024601681037031753e+00 0.000000000000000000e+00
4.059999942779541016e+00 -3.422304349001468182e-01 -2.339236911991068444e-108 5.338217296510528722e-04 -6.024582423559057709e+00 0.000000000000000000e+00
4.079999923706054688e+00 -3.405528347290676661e-01 -2.092411936286736133e-109 5.604020265326386000e-04 -6.024555843262175969e+00 0.000000000000000000e+00
4.099999904632568359e+00 -3.388916013889258783e-01 -1.849736524665901660e-110 5.938860158447952691e-04 -6.024522359272864058e+00 0.000000000000000000e+00
4.119999885559082031e+00 -3.372464965278145765e-01 -1.616077030392875025e-111 6.337457115173394159e-04 -6.024482499577191952e+00 0.000000000000000000e+00
4.139999866485595703e+00 -3.356172863996608746e-01 -1.395415514632184540e-112 6.793525933377990694e-04 -6.024436892695371526e+00 0.000000000000000000e+00
4.159999847412109375e+00 -3.340037417535086650e-01 -1.190787168557982592e-113 7.299875176557157940e-04 -6.024386257771053188e+00 0.000000000000000000e+00
4.179999828338623047e+00 -3.324056377259799189e-01 -1.004277336751387443e-114 7.848520570658172948e-04 -6.024331393231642906e+00 0.000000000000000000e+00
4.199999809265136719e+00 -3.308227537368085835e-01 -8.370702473851130591e-116 8.430810902623491095e-04 -6.024273164198446828e+00 0.000000000000000000e+00
4.219999790191650391e+00 -3.292548733873450484e-01 -6.895387703686615192e-117 9.037564435437976358e-04 -6.024212488845165581e+00 0.000000000000000000e+00
4.239999771118164062e+00 -3.277017843619330351e-01 -5.613630601475586038e-118 9.659213688644787939e-04 -6.024150323919844396e+00 0.000000000000000000e+00
4.260000228881835938e+00 -3.261632783320648210e-01 -4.516657373574003685e-119 1.028595630138502345e-03 -6.024087649658570243e+00 0.000000000000000000e+00
4.280000209808349609e+00 -3.246391508632233691e-01 -3.591521402569146173e-120 1.090790959910535292e-03 -6.024025454328798546e+00 0.000000000000000000e+00
4.300000190734863281e+00 -3.231292013243246553e-01 -2.822458663228666368e-121 1.151526642667739493e-03 -6.023964718646041661e+00 0.000000000000000000e+00
4.320000171661376953e+00 -3.216332327996750395e-01 -2.192120213348402398e-122 1.209844979070291704e-03 -6.023906400309638975e+00 0.000000000000000000e+00
4.340000152587890625e+00 -3.201510520033631346e-01 -1.682629957333278909e-123 1.264826387255649567e-03 -6.023851418901453592e+00 0.000000000000000000e+00
4.360000133514404297e+00 -3.186824691960082889e-01 -1.276439311489379806e-124 1.315603903094469474e-03 -6.023800641385614441e+00 0.000000000000000000e+00
4.380000114440917969e+00 -3.172272981037890793e-01 -9.569711878277417258e-126 1.361376850753550152e-03 -6.023754868437955601e+00 0.000000000000000000e+00
4.400000095367431641e+00 -3.157853558396809257e-01 -7.090625137986123354e-127 1.401423468004080533e-03 -6.023714821820704834e+00 0.000000000000000000e+00
4.420000076293945312e+00 -3.143564628268317174e-01 -5.192266790066397895e-128 1.435112287195384334e-03 -6.023681133001513643e+00 0.000000000000000000e+00
4.440000057220458984e+00 -3.129404427240081166e-01 -3.757648235214389176e-129 1.461912092435347461e-03 -6.023654333196273747e+00 0.000000000000000000e+00
4.460000038146972656e+00 -3.115371223530484235e-01 -2.687582074686427321e-130 1.481400295969610920e-03 -6.023634844992739268e+00 0.000000000000000000e+00
4.480000019073486328e+00 -3.101463316282580540e-01 -1.899737889127063428e-131 1.493269601678138278e-03 -6.023622975687031200e+00 0.000000000000000000e+00
4.500000000000000000e+00 -3.087679034876880113e-01 -1.327124950571726867e-132 1.497332850617039352e-03 -6.023618912438092110e+00 0.000000000000000000e+00
4.519999980926513672e+00 -3.074016738262380644e-01 -9.162541879815744026e-134 1.493525972199639474e-03 -6.023622719316509055e+00 0.000000000000000000e+00
4.539999961853027344e+00 -3.060474814305277902e-01 -6.251813444513615362e-135 1.481908994481632991e-03 -6.023634336294227509e+00 0.000000000000000000e+00
4.559999942779541016e+00 -3.047051679154816339e-01 -4.215817267126518986e-136 1.462665097619826214e-03 -6.023653580191089318e+00 0.000000000000000000e+00
4.579999923706054688e+00 -3.033745776625755841e-01 -2.809591182025159953e-137 1.436097725429842610e-03 -6.023680147563279519e+00 0.000000000000000000e+00
4.599999904632568359e+00 -3.020555577596947816e-01 -1.850503558333637337e-138 1.402625800588634675e-03 -6.023713619488120230e+00 0.000000000000000000e+00
4.619999885559082031e+00 -3.007479579425532679e-01 -1.204542189733413172e-139 1.362777118930015054e-03 -6.023753468169778635e+00 0.000000000000000000e+00
4.639999866485595703e+00 -2.994516305376284659e-01 -7.748885881326021811e-141 1.317180026994025114e-03 -6.023799065261714603e+00 0.000000000000000000e+00
4.659999847412109375e+00 -2.981664304065656523e-01 -4.926534550869166001e-142 1.266553514061142952e-03 -6.023849691774647575e+00 0.000000000000000000e+00
4.679999828338623047e+00 -2.968922148920076776e-01 -3.095484849483345367e-143 1.211695874903278344e-03 -6.023904549413805931e+00 0.000000000000000000e+00
4.699999809265136719e+00 -2.956288437648076362e-01 -1.922208880123445026e-144 1.153472122020842219e-03 -6.023962773166688045e+00 0.000000000000000000e+00
4.719999790191650391e+00 -2.943761791725839072e-01 -1.179660639352026092e-145 1.092800345853691931e-03 -6.024023444942855576e+00 0.000000000000000000e+00
4.739999771118164062e+00 -2.931340855895772091e-01 -7.154809583674067242e-147 1.030637238042448212e-03 -6.024085608050666174e+00 0.000000000000000000e+00
4.760000228881835938e+00 -2.919024297677722535e-01 -4.288677825590463396e-148 9.679630060139461385e-04 -6.024148282282695277e+00 0.000000000000000000e+00
4.780000209808349609e+00 -2.906810806892460297e-01 -2.540580657890777757e-149 9.057659167623615531e-04 -6.024210479371946647e+00 0.000000000000000000e+00
4.800000190734863281e+00 -2.894699095197075245e-01 -1.487396133289679989e-150 8.450267135445582072e-04 -6.024271218575164788e+00 0.000000000000000000e+00
4.820000171661376953e+00 -2.882687895631941832e-01 -8.606058211246709355e-152 7.867031512120948537e-04 -6.024329542137497384e+00 0.000000000000000000e+00
4.840000152587890625e+00 -2.870775962178917506e-01 -4.921140416711180177e-153 7.317148940316142106e-04 -6.024384530394677029e+00 0.000000000000000000e+00
4.860000133514404297e+00 -2.858962069330444611e-01 -2.781063845582074428e-154 6.809290141295685399e-04 -6.024435316274579399e+00 0.000000000000000000e+00
4.880000114440917969e+00 -2.847245011669254366e-01 -1.553244286634494032e-155 6.351463192263421447e-04 -6.024481098969483028e+00 0.000000000000000000e+00
4.900000095367431641e+00 -2.835623603458359288e-01 -8.573379627731842742e-157 5.950887252483498925e-04 -6.024521156563460877e+00 0.000000000000000000e+00
4.920000076293945312e+00 -2.824096678241048708e-01 -4.676788292290661244e-158 5.613878729307625022e-04 -6.024554857415778564e+00 0.000000000000000000e+00
4.940000057220458984e+00 -2.812663088450599314e-01 -2.521312151511092097e-159 5.345751679078106179e-04 -6.024581670120801036e+00 0.000000000000000000e+00
4.960000038146972656e+00 -2.801321705029427567e-01 -1.343348386081515746e-160 5.150734013416846105e-04 -6.024601171887367101e+00 0.000000000000000000e+00
4.980000019073486328e+00 -2.790071417057422010e-01 -7.073489612443409767e-162 5.031900832185749739e-04 -6.024613055205490397e+00 0.000000000000000000e+00
5.000000000000000000e+00 -2.778911131389192324e-01 -3.680965027199976470e-163 4.991125934345283120e-04 -6.024617132695274435e+00 0.000000000000000000e+00
5.019999980926513672e+00 -2.789666179167972215e-01 -6.357576228922120790e-162 5.029057792310325610e-04 -6.024613339509477861e+00 0.000000000000000000e+00
5.039999961853027344e+00 -2.800914000494074685e-01 -1.208155644080586437e-160 5.145103922853838966e-04 -6.024601734896423366e+00 0.000000000000000000e+00
5.059999942779541016e+00 -2.812252890527831006e-01 -2.269010382477568033e-159 5.337434212660633085e-04 -6.024582501867443263e+00 0.000000000000000000e+00
5.079999923706054688e+00 -2.823683959780360908e-01 -4.211458038071283066e-158 5.603015503945588420e-04 -6.024555943738314490e+00 0.000000000000000000e+00
5.099999904632568359e+00 -2.835208336892222625e-01 -7.725222314366338073e-157 5.937659429072737489e-04 -6.024522479345801429e+00 0.000000000000000000e+00
5.119999885559082031e+00 -2.846827169004885194e-01 -1.400464565685512144e-155 6.336088463489086223e-04 -6.024482636442360040e+00 0.000000000000000000e+00
5.139999866485595703e+00 -2.858541622141378968e-01 -2.509088681785208771e-154 6.792019155280891495e-04 -6.024437043373181311e+00 0.000000000000000000e+00
5.159999847412109375e+00 -2.870352881596378580e-01 -4.442656803544790599e-153 7.298261218775152839e-04 -6.024386419166831708e+00 0.000000000000000000e+00
5.179999828338623047e+00 -2.882262152336003136e-01 -7.774142678614439832e-152 7.846830929423937936e-04 -6.024331562195766487e+00 0.000000000000000000e+00
5.199999809265136719e+00 -2.894270659407602309e-01 -1.344452177974026517e-150 8.429077031669915919e-04 -6.024273337585541732e+00 0.000000000000000000e+00
5.219999790191650391e+00 -2.906379648359837531e-01 -2.297848782597051228e-149 9.035817174154627375e-04 -6.024212663571293369e+00 0.000000000000000000e+00
5.239999771118164062e+00 -2.918590385673345278e-01 -3.881332873719651233e-148 9.657482720608805485e-04 -6.024150497016647954e+00 0.000000000000000000e+00
5.260000228881835938e+00 -2.930904454024507721e-01 -6.479670308145579134e-147 1.028428457892189944e-03 -6.024087816830816955e+00 0.000000000000000000e+00
5.280000209808349609e+00 -2.943322575953036258e-01 -1.069004008413348871e-145 1.090630787996656409e-03 -6.024025614500712500e+00 0.000000000000000000e+00
5.300000190734863281e+00 -2.955846375780779023e-01 -1.742968358743784574e-144 1.151375788536339578e-03 -6.023964869500172625e+00 0.000000000000000000e+00
5.320000171661376953e+00 -2.968477208246452226e-01 -2.808558985073183120e-143 1.209705476390229720e-03 -6.023906539812318606e+00 0.000000000000000000e+00
5.340000152587890625e+00 -2.981216451344256835e-01 -4.472615923531940329e-142 1.264699959288651974e-03 -6.023851545329420354e+00 0.000000000000000000e+00
5.360000133514404297e+00 -2.994065506825039358e-01 -7.039208146866345807e-141 1.315491943036244810e-03 -6.023800753345672554e+00 0.000000000000000000e+00
5.380000114440917969e+00 -3.007025800710460550e-01 -1.094889500911553171e-139 1.361280409233459705e-03 -6.023754964879475260e+00 0.000000000000000000e+00
5.400000095367431641e+00 -3.020098783820580612e-01 -1.683066191260628901e-138 1.401343247791168433e-03 -6.023714902040917529e+00 0.000000000000000000e+00
5.420000076293945312e+00 -3.033286248094564375e-01 -2.557082696640233984e-137 1.435049368393594800e-03 -6.023681195920315368e+00 0.000000000000000000e+00
5.440000057220458984e+00 -3.046589066804988866e-01 -3.839236108879649747e-136 1.461865601315523325e-03 -6.023654379687393146e+00 0.000000000000000000e+00
5.460000038146972656e+00 -3.060009081513192508e-01 -5.696783536751161011e-135 1.481369921053750588e-03 -6.023634875367655184e+00 0.000000000000000000e+00
5.480000019073486328e+00 -3.073547847792229004e-01 -8.354098813209201546e-134 1.493254733420607949e-03 -6.023622990555288048e+00 0.000000000000000000e+00
5.500000000000000000e+00 -3.087206948867531886e-01 -1.210750452601140242e-132 1.497332608182451105e-03 -6.023618912680526627e+00 0.000000000000000000e+00
5.519999980926513672e+00 -3.100987996234108035e-01 -1.734183158811109202e-131 1.493539234940783082e-03 -6.023622706053767928e+00 0.000000000000000000e+00
5.539999961853027344e+00 -3.114892297291259049e-01 -2.454671348107736103e-130 1.481934805928887067e-03 -6.023634310482780307e+00 0.000000000000000000e+00
5.559999942779541016e+00 -3.128922184983291555e-01 -3.434035984118810372e-129 1.462701776948208089e-03 -6.023653543511760411e+00 0.000000000000000000e+00
5.579999923706054688e+00 -3.143078690399378483e-01 -4.747609046453975168e-128 1.436144365229303707e-03 -6.023680100923479941e+00 0.000000000000000000e+00
5.599999904632568359e+00 -3.157364219640784730e-01 -6.487214011224869335e-127 1.402680131501314077e-03 -6.023713565157208016e+00 0.000000000000000000e+00
5.619999885559082031e+00 -3.171779854127769194e-01 -8.759930957612056491e-126 1.362838394184010199e-03 -6.023753406894525320e+00 0.000000000000000000e+00
5.639999866485595703e+00 -3.186328076271802701e-01 -1.169112730986304695e-124 1.317245582729952274e-03 -6.023798999705978652e+00 0.000000000000000000e+00
5.659999847412109375e+00 -3.201010020388646571e-01 -1.541955528915112314e-123 1.266622858576988819e-03 -6.023849622430131667e+00 0.000000000000000000e+00
5.679999828338623047e+00 -3.215828248523328603e-01 -2.010021227443480102e-122 1.211766160042908368e-03 -6.023904479128666445e+00 0.000000000000000000e+00
5.699999809265136719e+00 -3.230783950602048038e-01 -2.589344122469548139e-121 1.153543179518877341e-03 -6.023962702109190381e+00 0.000000000000000000e+00
5.719999790191650391e+00 -3.245879771807808623e-01 -3.296797964995047931e-120 1.092869353737120977e-03 -6.024023375934971725e+00 0.000000000000000000e+00
5.739999771118164062e+00 -3.261116960552904454e-01 -4.148163034933479994e-119 1.030704387134481065e-03 -6.024085540901574554e+00 0.000000000000000000e+00
5.760000228881835938e+00 -3.276498248855597151e-01 -5.158611730436424830e-118 9.680256960742841116e-04 -6.024148219592635023e+00 0.000000000000000000e+00
5.780000209808349609e+00 -3.292024946661647467e-01 -6.339739118447750586e-117 9.058246968242683779e-04 -6.024210420591884940e+00 0.000000000000000000e+00
5.800000190734863281e+00 -3.307699876727397403e-01 -7.700582710341181351e-116 8.450793722870964322e-04 -6.024271165916421644e+00 0.000000000000000000e+00
5.820000171661376953e+00 -3.323524413763016550e-01 -9.243531457657452956e-115 7.867505578266955485e-04 -6.024329494730882750e+00 0.000000000000000000e+00
5.840000152587890625e+00 -3.339501475384952234e-01 -1.096644946520372143e-113 7.317553541964722311e-04 -6.024384489934512921e+00 0.000000000000000000e+00
5.860000133514404297e+00 -3.355632504495080215e-01 -1.285751117476117254e-112 6.809636445832701473e-04 -6.024435281644125340e+00 0.000000000000000000e+00
5.880000114440917969e+00 -3.371920517925882654e-01 -1.489915716961389076e-111 6.351740242540108690e-04 -6.024481071264455423e+00 0.000000000000000000e+00
5.900000095367431641e+00 -3.388367030408402369e-01 -1.706199750165159106e-110 5.951107676585931996e-04 -6.024521134521050314e+00 0.000000000000000000e+00
5.920000076293945312e+00 -3.404975162596855509e-01 -1.931132699860435307e-109 5.614037871850449364e-04 -6.024554841501523761e+00 0.000000000000000000e+00
5.940000057220458984e+00 -3.421746504913993903e-01 -2.160023048125717946e-108 5.345862408845729026e-04 -6.024581659047824722e+00 0.000000000000000000e+00
5.960000038146972656e+00 -3.438684286708332816e-01 -2.387915114701718004e-107 5.150797795680895448e-04 -6.024601165509141154e+00 0.000000000000000000e+00
5.980000019073486328e+00 -3.455790178198093199e-01 -2.608819675993906141e-106 5.031929454649863203e-04 -6.024613052343243957e+00 0.000000000000000000e+00
6.000000000000000000e+00 -3.473067522583990763e-01 -2.816979215060888972e-105 4.991126346164828599e-04 -6.024617132654092266e+00 0.000000000000000000e+00
6.019999980926513672e+00 -3.490518074242142665e-01 -3.005997171489799960e-104 5.029033870837095604e-04 -6.024613341901625674e+00 0.000000000000000000e+00
6.039999961853027344e+00 -3.508145295688659404e-01 -3.170356366774143644e-103 5.145056010733530449e-04 -6.024601739687636126e+00 0.000000000000000000e+00
6.059999942779541016e+00 -3.525951030097547734e-01 -3.304407654589350132e-102 5.337357592927497937e-04 -6.024582509529416541e+00 0.000000000000000000e+00
6.079999923706054688e+00 -3.543938865090375256e-01 -3.404034434107229974e-101 5.602915070180059008e-04 -6.024555953781691287e+00 0.000000000000000000e+00
6.099999904632568359e+00 -3.562110737577084962e-01 -3.465460751560498226e-100 5.937528003737398488e-04 -6.024522492488335601e+00 0.000000000000000000e+00
6.119999885559082031e+00 -3.580470366424974848e-01 -3.486928354386020087e-99 6.335935292781604737e-04 -6.024482651759431207e+00 0.000000000000000000e+00
6.139999866485595703e+00 -3.599019787538237924e-01 -3.467308501066372932e-98 6.791835154986607722e-04 -6.024437061773210367e+00 0.000000000000000000e+00
6.159999847412109375e+00 -3.617762857545677169e-01 -3.407667169421790218e-97 7.298059501801757885e-04 -6.024386439338528909e+00 0.000000000000000000e+00
6.179999828338623047e+00 -3.636701716948428920e-01 -3.309710418882389173e-96 7.846601161346655360e-04 -6.024331585172574499e+00 0.000000000000000000e+00
6.199999809265136719e+00 -3.655840367055482876e-01 -3.177154175864762313e-95 8.428835443167714521e-04 -6.024273361744392652e+00 0.000000000000000000e+00
6.219999790191650391e+00 -3.675181058938182810e-01 -3.014084749710886259e-94 9.035552893001158777e-04 -6.024212689999409065e+00 0.000000000000000000e+00
6.239999771118164062e+00 -3.694727945937035796e-01 -2.826105375124435259e-93 9.657214125630697588e-04 -6.024150523876145691e+00 0.000000000000000000e+00
6.260000228881835938e+00 -3.714483396065907939e-01 -2.618730883432886305e-92 1.028398605346902191e-03 -6.024087846683362280e+00 0.000000000000000000e+00
6.280000209808349609e+00 -3.734451722513075778e-01 -2.398332445684775079e-91 1.090601397584114356e-03 -6.024025643891125270e+00 0.000000000000000000e+00
6.300000190734863281e+00 -3.754635417037285872e-01 -2.170692423008817588e-90 1.151345900506774850e-03 -6.023964899388202454e+00 0.000000000000000000e+00
6.320000171661376953e+00 -3.775038960990850234e-01 -1.941795455204741878e-89 1.209677031624158518e-03 -6.023906568257085148e+00 0.000000000000000000e+00
6.340000152587890625e+00 -3.795664977143546337e-01 -1.716642455341458390e-88 1.264672141925458904e-03 -6.023851573146783878e+00 0.000000000000000000e+00
6.360000133514404297e+00 -3.816518123866161072e-01 -1.499936268258637803e-87 1.315466546305079027e-03 -6.023800778742404383e+00 0.000000000000000000e+00
6.380000114440917969e+00 -3.837601162706232860e-01 -1.295202710291608179e-86 1.361256807455054783e-03 -6.023754988481253569e+00 0.000000000000000000e+00
6.400000095367431641e+00 -3.858918938487189143e-01 -1.105400343618676938e-85 1.401322967608580267e-03 -6.023714922321100396e+00 0.000000000000000000e+00
6.420000076293945312e+00 -3.880474359841781240e-01 -9.323398499427191320e-85 1.435031282788394938e-03 -6.023681214005920381e+00 0.000000000000000000e+00
6.440000057220458984e+00 -3.902272468105243974e-01 -7.772239142028742596e-84 1.461851759002101092e-03 -6.023654393529707107e+00 0.000000000000000000e+00
6.460000038146972656e+00 -3.924316327887550360e-01 -6.403120921349424944e-83 1.481360165048043517e-03 -6.023634885123660965e+00 0.000000000000000000e+00
6.480000019073486328e+00 -3.946611187769300533e-01 -5.213806038584574532e-82 1.493249771326999762e-03 -6.023622995517381895e+00 0.000000000000000000e+00
6.500000000000000000e+00 -3.969160277862178177e-01 -4.195585143573104759e-81 1.497332514736780416e-03 -6.023618912773971878e+00 0.000000000000000000e+00
6.519999980926513672e+00 -3.991969065454015753e-01 -3.336938552062415699e-80 1.493544202526483075e-03 -6.023622701086182474e+00 0.000000000000000000e+00
6.539999961853027344e+00 -4.015040956367611491e-01 -2.622885075466052072e-79 1.481944756087079026e-03 -6.023634300532622277e+00 0.000000000000000000e+00
6.559999942779541016e+00 -4.038381648847147454e-01 -2.037645933195497017e-78 1.462716552879297872e-03 -6.023653528735829710e+00 0.000000000000000000e+00
6.579999923706054688e+00 -4.061994735378277044e-01 -1.564423990861829464e-77 1.436163733802337536e-03 -6.023680081554906529e+00 0.000000000000000000e+00
6.599999904632568359e+00 -4.085886158262384549e-01 -1.187132099512470708e-76 1.402703787375480940e-03 -6.023713541501333424e+00 0.000000000000000000e+00
6.619999885559082031e+00 -4.110059708405023327e-01 -8.902681586438579119e-76 1.362865964204383216e-03 -6.023753379324504387e+00 0.000000000000000000e+00
6.639999866485595703e+00 -4.134521292843849616e-01 -6.598596620839828133e-75 1.317277207170186116e-03 -6.023798968081538696e+00 0.000000000000000000e+00
6.659999847412109375e+00 -4.159276090435486961e-01 -4.833830765023330578e-74 1.266656267423954410e-03 -6.023849589021285311e+00 0.000000000000000000e+00
6.679999828338623047e+00 -4.184328804030780780e-01 -3.499614182208980716e-73 1.211802652205819187e-03 -6.023904442636503376e+00 0.000000000000000000e+00
6.699999809265136719e+00 -4.209684844165860751e-01 -2.504022987417861325e-72 1.153581549118634121e-03 -6.023962663739590440e+00 0.000000000000000000e+00
6.719999790191650391e+00 -4.235350368843511792e-01 -1.770788222250873958e-71 1.092909729819986978e-03 -6.024023335558888803e+00 0.000000000000000000e+00
6.739999771118164062e+00 -4.261331078995624910e-01 -1.237671266117107884e-70 1.030743930212532850e-03 -6.024085501358496408e+00 0.000000000000000000e+00
6.760000228881835938e+00 -4.287632185493874259e-01 -8.549379973744226920e-70 9.680659970799139090e-04 -6.024148179291628935e+00 0.000000000000000000e+00
6.780000209808349609e+00 -4.314259651836603870e-01 -5.836535584379498184e-69 9.058643741162966841e-04 -6.024210380914592378e+00 0.000000000000000000e+00
6.800000190734863281e+00 -4.341220237258862080e-01 -3.938103783962333140e-68 8.451185117608809140e-04 -6.024271126776947760e+00 0.000000000000000000e+00
6.820000171661376953e+00 -4.368520232260367231e-01 -2.626218812489279551e-67 7.867864529531844392e-04 -6.024329458835755879e+00 0.000000000000000000e+00
6.840000152587890625e+00 -4.396165423435046127e-01 -1.730880809812380702e-66 7.317894943657378502e-04 -6.024384455794343118e+00 0.000000000000000000e+00
6.860000133514404297e+00 -4.424162399709754001e-01 -1.127448029908317167e-65 6.809948141830149317e-04 -6.024435250474525994e+00 0.000000000000000000e+00
6.880000114440917969e+00 -4.452518599179447478e-01 -7.258365853706433201e-65 6.352022447798503276e-04 -6.024481043043929063e+00 0.000000000000000000e+00
6.900000095367431641e+00 -4.481240980151881548e-01 -4.618430290581586123e-64 5.951341350826044830e-04 -6.024521111153626762e+00 0.000000000000000000e+00
6.920000076293945312e+00 -4.510335983624781386e-01 -2.904319817684462520e-63 5.614233209090617157e-04 -6.024554821967799789e+00 0.000000000000000000e+00
6.940000057220458984e+00 -4.539810908119399357e-01 -1.805051654562514705e-62 5.346011920438355864e-04 -6.024581644096665300e+00 0.000000000000000000e+00
6.960000038146972656e+00 -4.569673960700156856e-01 -1.108790176070142701e-61 5.150900999408822333e-04 -6.024601155188768153e+00 0.000000000000000000e+00
6.980000019073486328e+00 -4.599932858521648682e-01 -6.731687398432998975e-61 5.031980045437125766e-04 -6.024613047284165468e+00 0.000000000000000000e+00
7.000000000000000000e+00 -4.630594788770588388e-01 -4.039198172857139291e-60 4.991127296346992452e-04 -6.024617132559074051e+00 0.000000000000000000e+00
7.019999980926513672e+00 -4.661669722266706395e-01 -2.395574274928502240e-59 5.028988808485202041e-04 -6.024613346407860170e+00 0.000000000000000000e+00
7.039999961853027344e+00 -4.693164926036600404e-01 -1.404234969849495278e-58 5.144973103250886958e-04 -6.024601747978383770e+00 0.000000000000000000e+00
7.059999942779541016e+00 -4.725088600852906384e-01 -8.135361650072740521e-58 5.337250886203237293e-04 -6.024582520200088886e+00 0.000000000000000000e+00
7.079999923706054688e+00 -4.757449550188531107e-01 -4.658235160673447369e-57 5.602789538808049556e-04 -6.024555966334828483e+00 0.000000000000000000e+00
7.099999904632568359e+00 -4.790256820350621836e-01 -2.636173317389732833e-56 5.937400967011642649e-04 -6.024522505192007493e+00 0.000000000000000000e+00
7.119999885559082031e+00 -4.823519708911608306e-01 -1.474467034219624957e-55 6.335807656150887037e-04 -6.024482664523094222e+00 0.000000000000000000e+00
7.139999866485595703e+00 -4.857247773493957310e-01 -8.150894898628871989e-55 6.791725908280637960e-04 -6.024437072697881312e+00 0.000000000000000000e+00
7.159999847412109375e+00 -4.891450840926094279e-01 -4.453333421411027305e-54 7.297964949093736862e-04 -6.024386448793799254e+00 0.000000000000000000e+00
7.179999828338623047e+00 -4.926139016787889902e-01 -2.404780322620677048e-53 7.846540341312340525e-04 -6.024331591254577845e+00 0.000000000000000000e+00
7.199999809265136719e+00 -4.961322695365218416e-01 -1.283442700281235406e-52 8.428799915786654683e-04 -6.024273365297130312e+00 0.000000000000000000e+00
7.219999790191650391e+00 -4.997012570034161660e-01 -6.770005894727535282e-52 9.035560234107132757e-04 -6.024212689265298515e+00 0.000000000000000000e+00
7.239999771118164062e+00 -5.033219644096667000e-01 -3.529504349189600427e-51 9.657251430432254452e-04 -6.024150520145665766e+00 0.000000000000000000e+00
7.260000228881835938e+00 -5.069955242090712355e-01 -1.818658451848806488e-50 1.028406814807661602e-03 -6.024087838473901613e+00 0.000000000000000000e+00
7.280000209808349609e+00 -5.107231021599408782e-01 -9.261940133633187800e-50 1.090612419027692671e-03 -6.024025632869681068e+00 0.000000000000000000e+00
7.300000190734863281e+00 -5.145058985584909372e-01 -4.661941929553875331e-49 1.151360844597332320e-03 -6.023964884444112045e+00 0.000000000000000000e+00
7.320000171661376953e+00 -5.183451495274519205e-01 -2.319244285249247853e-48 1.209693963133376404e-03 -6.023906551325575620e+00 0.000000000000000000e+00
7.340000152587890625e+00 -5.222421283628096988e-01 -1.140358939094253155e-47 1.264691740642744479e-03 -6.023851553548066562e+00 0.000000000000000000e+00
7.360000133514404297e+00 -5.261981469417543744e-01 -5.541824882464481661e-47 1.315486748362456682e-03 -6.023800758540346578e+00 0.000000000000000000e+00
7.380000114440917969e+00 -5.302145571951102365e-01 -2.661833597706661012e-46 1.361277843906270749e-03 -6.023754967444802766e+00 0.000000000000000000e+00
7.400000095367431641e+00 -5.342927526477171396e-01 -1.263649489932501138e-45 1.401342806937986999e-03 -6.023714902481771105e+00 0.000000000000000000e+00
7.420000076293945312e+00 -5.384341700304510203e-01 -5.929126683982561711e-45 1.435049730080701713e-03 -6.023681195558628687e+00 0.000000000000000000e+00
7.440000057220458984e+00 -5.426402909678007536e-01 -2.749628302473904842e-44 1.461866985403803510e-03 -6.023654378303305634e+00 0.000000000000000000e+00
7.460000038146972656e+00 -5.469126437451659051e-01 -1.260309472294183324e-43 1.481371609295582077e-03 -6.023634873679413637e+00 0.000000000000000000e+00
7.480000019073486328e+00 -5.512528051603023949e-01 -5.709540736678717447e-43 1.493255973474657628e-03 -6.023622989315234655e+00 0.000000000000000000e+00
7.500000000000000000e+00 -5.556624024636305226e-01 -2.556505601205315890e-42 1.497332636924584561e-03 -6.023618912651784285e+00 0.000000000000000000e+00
7.519999980926513672e+00 -5.601431153924181228e-01 -1.131396342547171095e-41 1.493537302226564814e-03 -6.023622707986482361e+00 0.000000000000000000e+00
7.539999961853027344e+00 -5.646966783041836857e-01 -4.948870778740894896e-41 1.481929829662800803e-03 -6.023634315459045929e+00 0.000000000000000000e+00
7.559999942779541016e+00 -5.693248824150101139e-01 -2.139546218109569600e-40 1.462693293095970173e-03 -6.023653551995613142e+00 0.000000000000000000e+00
7.579999923706054688e+00 -5.740295781488379268e-01 -9.142445095815499831e-40 1.436131092515559879e-03 -6.023680114196193536e+00 0.000000000000000000e+00
7.599999904632568359e+00 -5.788126776042116228e-01 -3.861260626337159483e-39 1.402662168792182321e-03 -6.023713583119916670e+00 0.000000000000000000e+00
7.619999885559082031e+00 -5.836761571453876751e-01 -1.611843601571885412e-38 1.362814396113093017e-03 -6.023753430892595517e+00 0.000000000000000000e+00
7.639999866485595703e+00 -5.886220601251790363e-01 -6.650352938641859334e-38 1.317216256313883706e-03 -6.023799029032395502e+00 0.000000000000000000e+00
7.659999847412109375e+00 -5.936524997474196264e-01 -2.712036367883599952e-37 1.266586926419362115e-03 -6.023849658362289361e+00 0.000000000000000000e+00
7.679999828338623047e+00 -5.987696620774716205e-01 -1.093141489834664735e-36 1.211724935733615553e-03 -6.023904520352975744e+00 0.000000000000000000e+00
7.699999809265136719e+00 -6.039758092097855524e-01 -4.355002029901404560e-36 1.153495571380420016e-03 -6.023962749717328258e+00 0.000000000000000000e+00
7.719999790191650391e+00 -6.092732826021570736e-01 -1.714875309311788032e-35 1.092817230934685054e-03 -6.024023428057774687e+00 0.000000000000000000e+00
7.739999771118164062e+00 -6.146645065870051106e-01 -6.674366498440719946e-35 1.030646937392176981e-03 -6.024085598351317294e+00 0.000000000000000000e+00
7.760000228881835938e+00 -6.201519920707337929e-01 -2.567568364562086108e-34 9.679652449364266028e-04 -6.024148280043772452e+00 0.000000000000000000e+00
7.780000209808349609e+00 -6.257383404330378873e-01 -9.762692675748682041e-34 9.057607735701082808e-04 -6.024210484515139186e+00 0.000000000000000000e+00
7.800000190734863281e+00 -6.314262476388747825e-01 -3.669053655618288191e-33 8.450146165317604834e-04 -6.024271230672177069e+00 0.000000000000000000e+00
7.820000171661376953e+00 -6.372185085767584356e-01 -1.362939530857652903e-32 7.866848664251542295e-04 -6.024329560422283514e+00 0.000000000000000000e+00
7.840000152587890625e+00 -6.431180216380423253e-01 -5.004243861363259152e-32 7.316915041162675272e-04 -6.024384553784592811e+00 0.000000000000000000e+00
7.860000133514404297e+00 -6.491277935529564669e-01 -1.816105191740430991e-31 6.809018887312320856e-04 -6.024435343399978215e+00 0.000000000000000000e+00
7.880000114440917969e+00 -6.552509445003504851e-01 -6.514566690107677732e-31 6.351170776080128279e-04 -6.024481128211101044e+00 0.000000000000000000e+00
7.900000095367431641e+00 -6.614907135093890389e-01 -2.309795054794409755e-30 5.950591919644922581e-04 -6.024521186096744252e+00 0.000000000000000000e+00
7.920000076293945312e+00 -6.678504641728473246e-01 -8.094800613847881088e-30 5.613600275525161554e-04 -6.024554885261156123e+00 0.000000000000000000e+00
7.940000057220458984e+00 -6.743336906931806096e-01 -2.804045897306322981e-29 5.345510899314565674e-04 -6.024581694198777981e+00 0.000000000000000000e+00
7.960000038146972656e+00 -6.809440242842031976e-01 -9.600897479199604800e-29 5.150552115256501256e-04 -6.024601190077182977e+00 0.000000000000000000e+00
7.980000019073486328e+00 -6.876852399530200000e-01 -3.249285260818724325e-28 5.031798826820641337e-04 -6.024613065406026813e+00 0.000000000000000000e+00
8.000000000000000000e+00 -6.945612636888242042e-01 -1.086962921379535522e-27 4.991124019112072379e-04 -6.024617132886797677e+00 0.000000000000000000e+00
8.020000457763671875e+00 -7.015761800873279164e-01 -3.594132905110733955e-27 5.029169218020251809e-04 -6.024613328366907439e+00 0.000000000000000000e+00
8.039999961853027344e+00 -7.087342404419354480e-01 -1.174702060964346538e-26 5.145334372028176383e-04 -6.024601711851506280e+00 0.000000000000000000e+00
8.060000419616699219e+00 -7.160398713353417488e-01 -3.795047845620281150e-26 5.337787316266544941e-04 -6.024582466557082405e+00 0.000000000000000000e+00
8.079999923706054688e+00 -7.234976837680353601e-01 -1.211893597036533517e-25 5.603492669545190622e-04 -6.024555896021754897e+00 0.000000000000000000e+00
8.100000381469726562e+00 -7.311124828632684647e-01 -3.825350860160919198e-25 5.938259708595847565e-04 -6.024522419317849042e+00 0.000000000000000000e+00
8.119999885559082031e+00 -7.388892781914112584e-01 -1.193546933764042656e-24 6.336808464450306754e-04 -6.024482564442264376e+00 0.000000000000000000e+00
8.140000343322753906e+00 -7.468332947603086858e-01 -3.681044980920139251e-24 6.792852998477326475e-04 -6.024436959988861418e+00 0.000000000000000000e+00
8.159999847412109375e+00 -7.549499847223049009e-01 -1.122194557754441699e-23 7.299200544642911546e-04 -6.024386325234244666e+00 0.000000000000000000e+00
8.180000305175781250e+00 -7.632450398530578051e-01 -3.381681341385854774e-23 7.847864954315265235e-04 -6.024331458793277250e+00 0.000000000000000000e+00
8.199999809265136719e+00 -7.717244048621634267e-01 -1.007318565981251663e-22 8.430192654355136029e-04 -6.024273226023273864e+00 0.000000000000000000e+00
8.220000267028808594e+00 -7.803942916010033759e-01 -2.966011594525642153e-22 9.036999131871830933e-04 -6.024212545375521977e+00 0.000000000000000000e+00
8.239999771118164062e+00 -7.892611942391768443e-01 -8.632825962197205961e-22 9.658713792997784169e-04 -6.024150373909408884e+00 0.000000000000000000e+00
8.260000228881835938e+00 -7.983317961185438794e-01 -2.483728859086931354e-21 1.028552344794945051e-03 -6.024087692943914440e+00 0.000000000000000000e+00
8.279999732971191406e+00 -8.076136458791270956e-01 -7.063998259211353459e-21 1.090757162988452086e-03 -6.024025488125720251e+00 0.000000000000000000e+00
8.300000190734863281e+00 -8.171135227155548186e-01 -1.985922255909974345e-20 1.151500315465715796e-03 -6.023964744973243413e+00 0.000000000000000000e+00
8.319999694824218750e+00 -8.268396692405494131e-01 -5.519037640121510496e-20 1.209826695885747897e-03 -6.023906418592823719e+00 0.000000000000000000e+00
8.340000152587890625e+00 -8.368000265546049476e-01 -1.516163508857258093e-19 1.264815009718437506e-03 -6.023851430278990726e+00 0.000000000000000000e+00
8.359999656677246094e+00 -8.470036500813425961e-01 -4.117502165748453164e-19 1.315600440813906964e-03 -6.023800644847895569e+00 0.000000000000000000e+00
8.380000114440917969e+00 -8.574588050594209587e-01 -1.105346922745467942e-18 1.361378389480513923e-03 -6.023754866899228233e+00 0.000000000000000000e+00
8.399999618530273438e+00 -8.681754257312733758e-01 -2.933350608558764929e-18 1.401429196872502501e-03 -6.023714816091836788e+00 0.000000000000000000e+00
8.420000076293945312e+00 -8.791631792364849041e-01 -7.695253681960383345e-18 1.435120240332491120e-03 -6.023681125048376828e+00 0.000000000000000000e+00
8.439999580383300781e+00 -8.904330312224495447e-01 -1.995714978428591166e-17 1.461921497779266731e-03 -6.023654323790929688e+00 0.000000000000000000e+00
8.460000038146972656e+00 -9.019951490940365524e-01 -5.116399387434430901e-17 1.481408353668328811e-03 -6.023634836935040759e+00 0.000000000000000000e+00
8.479999542236328125e+00 -9.138616246244518626e-01 -1.296712932479133630e-16 1.493274646920484793e-03 -6.023622970641788754e+00 0.000000000000000000e+00
8.500000000000000000e+00 -9.260443415026877734e-01 -3.248857728538248351e-16 1.497332943462384696e-03 -6.023618912345247267e+00 0.000000000000000000e+00
8.520000457763671875e+00 -9.385567168459213461e-01 -8.047251328331026819e-16 1.493519147658895537e-03 -6.023622726141050876e+00 0.000000000000000000e+00
8.539999961853027344e+00 -9.514113827492911568e-01 -1.970471514871549357e-15 1.481893681935529282e-03 -6.023634351606775184e+00 0.000000000000000000e+00
8.560000419616699219e+00 -9.646232183099270330e-01 -4.770031347493956616e-15 1.462639630069465955e-03 -6.023653605658644494e+00 0.000000000000000000e+00
8.579999923706054688e+00 -9.782069908865161922e-01 -1.141552311190396943e-14 1.436061119499077495e-03 -6.023680184169221796e+00 0.000000000000000000e+00
8.600000381469726562e+00 -9.921793064767798764e-01 -2.700947649654003031e-14 1.402575838889757228e-03 -6.023713669449846542e+00 0.000000000000000000e+00
8.619999885559082031e+00 -1.006556034277544587e+00 -6.317715544391822449e-14 1.362714299568702639e-03 -6.023753530989203853e+00 0.000000000000000000e+00
8.640000343322753906e+00 -1.021355705984795526e+00 -1.460999346108774037e-13 1.317103533545385197e-03 -6.023799141755310060e+00 0.000000000000000000e+00
8.659999847412109375e+00 -1.036596895092774639e+00 -3.340275378052959695e-13 1.266463985821685576e-03 -6.023849781303221462e+00 0.000000000000000000e+00
8.680000305175781250e+00 -1.052300418495442313e+00 -7.550555461608713794e-13 1.211591789314770372e-03 -6.023904653500149031e+00 0.000000000000000000e+00
8.699999809265136719e+00 -1.068486461705411283e+00 -1.687407344245884334e-12 1.153356290832118066e-03 -6.023962888999564669e+00 0.000000000000000000e+00
8.720000267028808594e+00 -1.085178419496704239e+00 -3.728445439404820168e-12 1.092673337082317089e-03 -6.024023571955354761e+00 0.000000000000000000e+00
8.739999771118164062e+00 -1.102399970814515573e+00 -8.145169099672919944e-12 1.030501445857113021e-03 -6.024085743850997154e+00 0.000000000000000000e+00
8.760000228881835938e+00 -1.120177587232134009e+00 -1.759377294744400156e-11 9.678182236597579870e-04 -6.024148427082643309e+00 0.000000000000000000e+00
8.779999732971191406e+00 -1.138537308087808064e+00 -3.757395306251347037e-11 9.056167683169951332e-04 -6.024210628557965741e+00 0.000000000000000000e+00
8.800000190734863281e+00 -1.157509119244165108e+00 -7.934259305287047508e-11 8.448751522688261600e-04 -6.024271370215783072e+00 0.000000000000000000e+00
8.819999694824218750e+00 -1.177123673528394754e+00 -1.656596512110575488e-10 7.865528199075188728e-04 -6.024329692634461608e+00 0.000000000000000000e+00
8.840000152587890625e+00 -1.197415181043789190e+00 -3.420112140940771443e-10 7.315669824088479652e-04 -6.024384678648311287e+00 0.000000000000000000e+00
8.859999656677246094e+00 -1.218417773934054926e+00 -6.981719092814808396e-10 6.807887870081876652e-04 -6.024435457199873056e+00 0.000000000000000000e+00
8.880000114440917969e+00 -1.240170552869868770e+00 -1.409307739471325326e-09 6.350165476863160784e-04 -6.024481230150330546e+00 0.000000000000000000e+00
8.899999618530273438e+00 -1.262713895049002888e+00 -2.813014322609068893e-09 5.949732599971225156e-04 -6.024521274841726282e+00 0.000000000000000000e+00
8.920000076293945312e+00 -1.286092830727209257e+00 -5.552438211515300166e-09 5.612888132393631770e-04 -6.024554962027908189e+00 0.000000000000000000e+00
8.939999580383300781e+00 -1.310352927511413634e+00 -1.083750864164246707e-08 5.344968741534749474e-04 -6.024581759252064295e+00 0.000000000000000000e+00
8.960000038146972656e+00 -1.335546183493866446e+00 -2.091861834338483830e-08 5.150184879799620018e-04 -6.024601247719347796e+00 0.000000000000000000e+00
8.979999542236328125e+00 -1.361726858687998032e+00 -3.992987375803384893e-08 5.031613256304750745e-04 -6.024613123892952338e+00 0.000000000000000000e+00
9.000000000000000000e+00 -1.388955488730365451e+00 -7.537866752194998640e-08 4.991121140737159829e-04 -6.024617208553302738e+00 0.000000000000000000e+00
9.020000457763671875e+00 -1.417291109006193706e+00 -1.407173214988727615e-07 5.029341741481376622e-04 -6.024613451831882571e+00 0.000000000000000000e+00
9.039999961853027344e+00 -1.446806937501864843e+00 -2.598048719943948405e-07 5.145660978162976433e-04 -6.024601938995764350e+00 0.000000000000000000e+00
9.060000419616699219e+00 -1.477578277814211694e+00 -4.744173699474249540e-07 5.338244692489475503e-04 -6.024582895236830105e+00 0.000000000000000000e+00
9.079999923706054688e+00 -1.509686979117338623e+00 -8.568427501835222460e-07 5.604056163908830357e-04 -6.024556696515068310e+00 0.000000000000000000e+00
9.100000381469726562e+00 -1.543222163158153526e+00 -1.530676601702853696e-06 5.938903993573768332e-04 -6.024523885565953307e+00 0.000000000000000000e+00
9.119999885559082031e+00 -1.578281050347117187e+00 -2.704723913702701864e-06 6.337508195636530357e-04 -6.024485199193058804e+00 0.000000000000000000e+00
9.140000343322753906e+00 -1.614969901069224445e+00 -4.727548479186196734e-06 6.793583453725642301e-04 -6.024441614491816033e+00 0.000000000000000000e+00
9.159999847412109375e+00 -1.653405091410378391e+00 -8.174101259303839003e-06 7.299938229790407795e-04 -6.024394425566989675e+00 0.000000000000000000e+00
9.180000305175781250e+00 -1.693714346238039514e+00 -1.398149348291048393e-05 7.848588162533819829e-04 -6.024345367965938891e+00 0.000000000000000000e+00
9.199999809265136719e+00 -1.736038157160772366e+00 -2.365900306585195630e-05 8.430881967331574096e-04 -6.024296816095041862e+00 0.000000000000000000e+00
9.220000267028808594e+00 -1.780531418534765375e+00 -3.960862706924842583e-05 9.037637852407849658e-04 -6.024252090130537418e+00 0.000000000000000000e+00
9.239999771118164062e+00 -1.827365321664853992e+00 -6.560791495620213552e-05 9.659288300214595620e-04 -6.024215924373644171e+00 0.000000000000000000e+00
9.260000228881835938e+00 -1.876729556023901457e+00 -1.075276185512221127e-04 1.028603093105605370e-03 -6.024195169814154482e+00 0.000000000000000000e+00
9.279999732971191406e+00 -1.928834877158714267e+00 -1.743842222628257956e-04 1.090798307009350912e-03 -6.024199831203962852e+00 0.000000000000000000e+00
9.300000190734863281e+00 -1.983916114582095824e+00 -2.798631410737959153e-04 1.151533758046904485e-03 -6.024244574671736352e+00 0.000000000000000000e+00
9.319999694824218750e+00 -2.042235710188487374e+00 -4.444938131044301553e-04 1.209851750532267914e-03 -6.024350887351281436e+00 0.000000000000000000e+00
9.340000152587890625e+00 -2.104087899667142825e+00 -6.987145353019583779e-04 1.264832708025897265e-03 -6.024550127115984921e+00 0.000000000000000000e+00
9.359999656677246094e+00 -2.169803677489466676e+00 -1.087133990181577900e-03 1.315609673505097315e-03 -6.024887769605385301e+00 0.000000000000000000e+00
9.380000114440917969e+00 -2.239756722303927639e+00 -1.674378995763218213e-03 1.361381979814906560e-03 -6.025429242304657151e+00 0.000000000000000000e+00
9.399999618530273438e+00 -2.314370506699261032e+00 -2.553014727911865484e-03 1.401427874839515945e-03 -6.026267832141781078e+00 0.000000000000000000e+00
9.420000076293945312e+00 -2.394126877040601897e+00 -3.854134841623721181e-03 1.435115902316531434e-03 -6.027535264228016665e+00 0.000000000000000000e+00
9.439999580383300781e+00 -2.479576470660654230e+00 -5.761344806771154063e-03 1.461914858837839309e-03 -6.029415675236642791e+00 0.000000000000000000e+00
9.460000038146972656e+00 -2.571351446439804622e+00 -8.529003134521524407e-03 1.481402170031943322e-03 -6.032163846253198791e+00 0.000000000000000000e+00
9.479999542236328125e+00 -2.670181151179732204e+00 -1.250574438037139156e-02 1.493270553849507590e-03 -6.036128719115231078e+00 0.000000000000000000e+00
9.500000000000000000e+00 -2.776911543201193044e+00 -1.816449074490892115e-02 1.497332865883307202e-03 -6.041783403167734434e+00 0.000000000000000000e+00
9.520000457763671875e+00 -2.892529468201672671e+00 -2.614037813354579826e-02 1.493525050320083491e-03 -6.049763098371935044e+00 0.000000000000000000e+00
9.539999961853027344e+00 -3.018193262992689974e+00 -3.727830120102205297e-02 1.481907149992738688e-03 -6.060912639339738561e+00 0.000000000000000000e+00
9.560000419616699219e+00 -3.155271698886838561e+00 -5.269216192174940028e-02 1.462662359606076027e-03 -6.076345744850851993e+00 0.000000000000000000e+00
9.579999923706054688e+00 -3.305394042236845298e+00 -7.383845834628882665e-02 1.436094137065096641e-03 -6.097518609497933006e+00 0.000000000000000000e+00
9.600000381469726562e+00 -3.470515119630718903e+00 -1.026076910937265968e-01 1.402621418455356900e-03 -6.126321314963980136e+00 0.000000000000000000e+00
9.619999885559082031e+00 -3.653000910541511548e+00 -1.414383845141973517e-01 1.362772012127061450e-03 -6.165191857790778940e+00 0.000000000000000000e+00
9.640000343322753906e+00 -3.855742642354938354e+00 -1.934606253460009195e-01 1.317174276047068616e-03 -6.217259696358662602e+00 0.000000000000000000e+00
9.659999847412109375e+00 -4.082311111633264211e+00 -2.626794186326215641e-01 1.266547209652923523e-03 -6.286529116711677467e+00 0.000000000000000000e+00
9.680000305175781250e+00 -4.337168810815156483e+00 -3.542136902354962591e-01 1.211689116443688194e-03 -6.378118246407761482e+00 0.000000000000000000e+00
9.699999809265136719e+00 -4.625966803885922296e+00 -4.746158676152284484e-01 1.153465016079395196e-03 -6.498578647887858217e+00 0.000000000000000000e+00
9.720000267028808594e+00 -4.955968671086071531e+00 -6.323121888933601609e-01 1.092793004479106645e-03 -6.656335641177590468e+00 0.000000000000000000e+00
9.739999771118164062e+00 -5.336669849831160661e+00 -8.382298812531904231e-01 1.030629776995829142e-03 -6.862315496764903600e+00 0.000000000000000000e+00
9.760000228881835938e+00 -5.780726182232520216e+00 -1.106722990717481370e+00 9.679555429434200933e-04 -7.130871280463247253e+00 0.000000000000000000e+00
9.779999732971191406e+00 -6.305388115564046103e+00 -1.456991632751000854e+00 9.057585693479704592e-04 -7.481202119470362177e+00 0.000000000000000000e+00
9.800000190734863281e+00 -6.934793876692096681e+00 -1.915346856300162992e+00 8.450195976426444879e-04 -7.939618081991229204e+00 0.000000000000000000e+00
9.819999694824218750e+00 -7.703788377672931453e+00 -2.518987478941541625e+00 7.866963790284349717e-04 -8.543317027851221823e+00 0.000000000000000000e+00
9.840000152587890625e+00 -8.664599869932549936e+00 -3.322621382077819430e+00 7.317085723521294174e-04 -9.347005918794176083e+00 0.000000000000000000e+00
9.859999656677246094e+00 -9.899224765187858210e+00 -4.410783110343621694e+00 6.809232426364890791e-04 -1.043521843238969460e+01 0.000000000000000000e+00
9.880000114440917969e+00 -1.154416023004246483e+01 -5.922489770477543658e+00 6.351411889263847187e-04 -1.194697087457732643e+01 0.000000000000000000e+00
9.899999618530273438e+00 -1.384470942130891657e+01 -8.105463369190763601e+00 5.950843170376981335e-04 -1.412998453016243516e+01 0.000000000000000000e+00
9.920000076293945312e+00 -1.729037961761011033e+01 -1.145144383616547223e+01 5.613842563194663612e-04 -1.747599869719785914e+01 0.000000000000000000e+00
9.939999580383300781e+00 -2.301946135699441243e+01 -1.710068530452680591e+01 5.345723999237342967e-04 -2.312526697741559190e+01 0.000000000000000000e+00
9.960000038146972656e+00 -3.442651764945433968e+01 -2.844936934386343097e+01 5.150715256312718817e-04 -3.447397051762651188e+01 0.000000000000000000e+00
9.979999542236328125e+00 -6.824425158125232826e+01 -6.223140790773473441e+01 5.031891293586168322e-04 -6.825602096389408757e+01 0.000000000000000000e+00
1.000000000000000000e+01 -3.859189829485520477e+03 -3.853164717085019674e+03 4.991125764657885306e-04 -3.859189334217731812e+03 0.000000000000000000e+00
