0.000000000000000000e+00 -inf -inf 1.848560368716917549e-02 -inf 0.000000000000000000e+00
9.999999776482582092e-03 -1.389289937423563117e+02 -1.329068429204146753e+02 1.852208421152349779e-02 -1.389134370814918498e+02 0.000000000000000000e+00
1.999999955296516418e-02 -6.946449687117815586e+01 -6.345122657027275892e+01 1.863138179917169998e-02 -6.945771143376229873e+01 0.000000000000000000e+00
2.999999932944774628e-02 -4.630966458078544434e+01 -4.031114281738815208e+01 1.881306506216717453e-02 -4.631744599761469061e+01 0.000000000000000000e+00
3.999999910593032837e-02 -3.473224843558907793e+01 -2.875426530747639120e+01 1.906641691268171415e-02 -3.476031513585241584e+01 0.000000000000000000e+00
5.000000074505805969e-02 -2.778579874847126518e+01 -2.183403641300027687e+01 1.939043739328802016e-02 -2.783976222089570030e+01 0.000000000000000000e+00
5.999999865889549255e-02 -2.315483229039272217e+01 -1.723483606654588840e+01 1.978384762370341554e-02 -2.324016846421089610e+01 0.000000000000000000e+00
7.000000029802322388e-02 -1.984699910605090523e+01 -1.396414999045197192e+01 2.024509484841776827e-02 -1.996902114089226288e+01 0.000000000000000000e+00
7.999999821186065674e-02 -1.736612421779453896e+01 -1.152561308265923756e+01 2.077235856528254071e-02 -1.752995696938266335e+01 0.000000000000000000e+00
9.000000357627868652e-02 -1.543655486026181300e+01 -9.643358575054685744e+00 2.136355771087242866e-02 -1.564711126263252261e+01 0.000000000000000000e+00
1.000000014901161194e-01 -1.389291593510812461e+01 -8.151774976293069130e+00 2.201635073547345348e-02 -1.415487487084630480e+01 0.000000000000000000e+00
1.099999994039535522e-01 -1.262990852203239278e+01 -6.945310137437808784e+00 2.272818550677918950e-02 -1.294769819721973825e+01 0.000000000000000000e+00
1.199999973177909851e-01 -1.157741614519636109e+01 -5.953573501453519157e+00 2.349622809144349955e-02 -1.195519351865078406e+01 0.000000000000000000e+00
1.299999952316284180e-01 -1.068684567248894801e+01 -5.127686050644002513e+00 2.431745523185427360e-02 -1.112848484070085675e+01 0.000000000000000000e+00
1.400000005960464478e-01 -9.923491103617976705e+00 -4.432644333479769827e+00 2.518863628573371830e-02 -1.043257194248274544e+01 0.000000000000000000e+00
1.500000059604644775e-01 -9.261932916157087803e+00 -3.842718963751727834e+00 2.610630081371995495e-02 -9.841728908226716754e+00 0.000000000000000000e+00
1.599999964237213135e-01 -8.683062108897269482e+00 -3.338489689967734986e+00 2.706685883930534664e-02 -9.336539076417139427e+00 0.000000000000000000e+00
1.700000017881393433e-01 -8.172293749550371800e+00 -2.905053239860822423e+00 2.806650845573735800e-02 -8.902102976693793579e+00 0.000000000000000000e+00
1.800000071525573730e-01 -7.718282541508598271e+00 -2.530744674102195280e+00 2.910129160555022243e-02 -8.526759627785354567e+00 0.000000000000000000e+00
1.899999976158142090e-01 -7.312052302229279377e+00 -2.206273322994951602e+00 3.016716162696467252e-02 -8.201222406656695441e+00 0.000000000000000000e+00
2.000000029802322388e-01 -6.946449687117816296e+00 -1.924169233160439418e+00 3.125987408881326923e-02 -7.918025604360335201e+00 0.000000000000000000e+00
2.099999934434890747e-01 -6.615666368683634779e+00 -1.678317178846953084e+00 3.237512867982834941e-02 -7.671058295455833509e+00 0.000000000000000000e+00
2.199999988079071045e-01 -6.314950839354258605e+00 -1.463666713071934300e+00 3.350853718931624814e-02 -7.455274421171327326e+00 0.000000000000000000e+00
2.300000041723251343e-01 -6.040391032276361649e+00 -1.276012437696814050e+00 3.465558540476757626e-02 -7.266473097580755436e+00 0.000000000000000000e+00
2.399999946355819702e-01 -5.788708072598180543e+00 -1.111799712511206906e+00 3.581178677696373464e-02 -7.101104171022951661e+00 0.000000000000000000e+00
2.500000000000000000e-01 -5.557159749694252859e+00 -9.680192448242377345e-01 3.697256428008373341e-02 -6.956162925832862776e+00 0.000000000000000000e+00
2.599999904632568359e-01 -5.343425286075886405e+00 -8.420971863049818706e-01 3.813332260902728421e-02 -6.829080108984663333e+00 0.000000000000000000e+00
2.700000107288360596e-01 -5.145518286753937964e+00 -7.318132800189527387e-01 3.928952175418832377e-02 -6.717640003553473349e+00 0.000000000000000000e+00
2.800000011920928955e-01 -4.961749776512726307e+00 -6.352542195113481949e-01 4.043655689820459254e-02 -6.619933907901852876e+00 0.000000000000000000e+00
2.899999916553497314e-01 -4.790654956632976358e+00 -5.507514377362621172e-01 4.156991461303422702e-02 -6.534297768411937213e+00 0.000000000000000000e+00
3.000000119209289551e-01 -4.630964617984524523e+00 -4.768486746711156354e-01 4.268513480358214485e-02 -6.459279785156242681e+00 0.000000000000000000e+00
3.100000023841857910e-01 -4.481580443301816707e+00 -4.122734147008969563e-01 4.377777634222333736e-02 -6.393611883647382754e+00 0.000000000000000000e+00
3.199999928474426270e-01 -4.341531054448634741e+00 -3.559030987595052098e-01 4.484356612090557165e-02 -6.336175777927309127e+00 0.000000000000000000e+00
3.300000131130218506e-01 -4.209969507344131223e+00 -3.067522753755949627e-01 4.587828439336705949e-02 -6.285990236270937004e+00 0.000000000000000000e+00
3.400000035762786865e-01 -4.086148307375407462e+00 -2.639514208274154061e-01 4.687783552796384590e-02 -6.242189830588160682e+00 0.000000000000000000e+00
3.499999940395355225e-01 -3.969399821210180423e+00 -2.267306612513503572e-01 4.783830940773593082e-02 -6.204008597132323111e+00 0.000000000000000000e+00
3.600000143051147461e-01 -3.859138715065453251e+00 -1.944120648638122117e-01 4.875588010363889058e-02 -6.170772430048882207e+00 0.000000000000000000e+00
3.700000047683715820e-01 -3.754837668712332821e+00 -1.663942520761207133e-01 4.962693773480408160e-02 -6.141883559630025857e+00 0.000000000000000000e+00
3.799999952316284180e-01 -3.656025004241540532e+00 -1.421453601286765123e-01 5.044805379061679390e-02 -6.116813551626768763e+00 0.000000000000000000e+00
3.899999856948852539e-01 -3.562281890829649633e+00 -1.211959908416972986e-01 5.121595900449035094e-02 -6.095096277125915840e+00 0.000000000000000000e+00
4.000000059604644775e-01 -3.473224843558908148e+00 -1.031296218314800561e-01 5.192765091609254785e-02 -6.076318216204096956e+00 0.000000000000000000e+00
4.099999964237213135e-01 -3.388512042496496068e+00 -8.757923733452378789e-02 5.258031106307266972e-02 -6.060115171560160441e+00 0.000000000000000000e+00
4.199999868869781494e-01 -3.307834123165935836e+00 -7.422079533683609287e-02 5.317135678448774855e-02 -6.046165683841057792e+00 0.000000000000000000e+00
4.300000071525573730e-01 -3.230906831217588593e+00 -6.276803178841594555e-02 5.369847525521548315e-02 -6.034185801821909223e+00 0.000000000000000000e+00
4.399999976158142090e-01 -3.157477130508098195e+00 -5.296973052516196212e-02 5.415956600485005018e-02 -6.023926409809020832e+00 0.000000000000000000e+00
4.499999880790710449e-01 -3.087310972052362601e+00 -4.460450022014252058e-02 5.455281581769482607e-02 -6.015167929691156878e+00 0.000000000000000000e+00
4.600000083446502686e-01 -3.020194733489387939e+00 -3.747807981859269111e-02 5.487667601293173131e-02 -6.007717649094369783e+00 0.000000000000000000e+00
4.699999988079071045e-01 -2.955936037071411171e+00 -3.142057849125822616e-02 5.512985803187958611e-02 -6.001406965748087963e+00 0.000000000000000000e+00
4.799999892711639404e-01 -2.894354036299090271e+00 -2.628299832913599116e-02 5.531137289845206029e-02 -5.996087870719392754e+00 0.000000000000000000e+00
4.900000095367431641e-01 -2.835285586578700556e+00 -2.193559812846754276e-02 5.542050074792872344e-02 -5.991631342669247573e+00 0.000000000000000000e+00
5.000000000000000000e-01 -2.778579874847126430e+00 -1.826533047425091261e-02 5.545681086230459106e-02 -5.987924764900655283e+00 0.000000000000000000e+00
5.099999904632568359e-01 -2.724104283641535229e+00 -1.517430846060871356e-02 5.542016864289378564e-02 -5.984870385106423996e+00 0.000000000000000000e+00
5.199999809265136719e-01 -2.671723667329841234e+00 -1.257693662811156660e-02 5.531072735240356170e-02 -5.982382454564416641e+00 0.000000000000000000e+00
5.299999713897705078e-01 -2.621319455763037709e+00 -1.039959886682291675e-02 5.512891884302167922e-02 -5.980386925312510371e+00 0.000000000000000000e+00
5.400000214576721191e-01 -2.572781860796701014e+00 -8.578782403788062089e-03 5.487546052590232953e-02 -5.978819567166595128e+00 0.000000000000000000e+00
5.500000119209289551e-01 -2.526009078013453202e+00 -7.059827217490674198e-03 5.455135254028234404e-02 -5.977624719965917599e+00 0.000000000000000000e+00
5.600000023841857910e-01 -2.480906573966059181e+00 -5.795811287587352041e-03 5.415787380696052838e-02 -5.976754182769336232e+00 0.000000000000000000e+00
5.699999928474426270e-01 -2.437386448439720077e+00 -4.746559075148785653e-03 5.369657698171292209e-02 -5.976166227382145202e+00 0.000000000000000000e+00
5.799999833106994629e-01 -2.395366862680457398e+00 -3.877761682832588184e-03 5.316928232855767239e-02 -5.975824724642984087e+00 0.000000000000000000e+00
5.899999737739562988e-01 -2.354771525763881712e+00 -3.160198075549289828e-03 5.257807053704561390e-02 -5.975698372827213056e+00 0.000000000000000000e+00
6.000000238418579102e-01 -2.315529232321989817e+00 -2.569047578775476848e-03 5.192527451191901455e-02 -5.975760018355565251e+00 0.000000000000000000e+00
6.100000143051147461e-01 -2.277573445735008750e+00 -2.083284634815074556e-03 5.121347016753647480e-02 -5.975986059755987512e+00 0.000000000000000000e+00
6.200000047683715820e-01 -2.240841921655638114e+00 -1.685147502325944199e-03 5.044546626338899248e-02 -5.976355926527645579e+00 0.000000000000000000e+00
6.299999952316284180e-01 -2.205276367384733316e+00 -1.359673242163016681e-03 4.962429332081557537e-02 -5.976851625210056085e+00 0.000000000000000000e+00
6.399999856948852539e-01 -2.170822133177545687e+00 -1.094291950492320325e-03 4.875319166465320181e-02 -5.977457345574547887e+00 0.000000000000000000e+00
6.499999761581420898e-01 -2.137427932042157419e+00 -8.784737831271342704e-04 4.783559863700809212e-02 -5.978159120434828111e+00 0.000000000000000000e+00
6.600000262260437012e-01 -2.105045585008483933e+00 -7.034228662154647961e-04 4.687513503360252187e-02 -5.978944533121321570e+00 0.000000000000000000e+00
6.700000166893005371e-01 -2.073629789206981489e+00 -5.618127095717816155e-04 4.587559081621889884e-02 -5.979802467182062209e+00 0.000000000000000000e+00
6.800000071525573730e-01 -2.043137906409203008e+00 -4.475582310475812679e-04 4.484091015761956095e-02 -5.980722893362137249e+00 0.000000000000000000e+00
6.899999976158142090e-01 -2.013529769954540694e+00 -3.556199638088785708e-04 4.377517587795430598e-02 -5.981696689374564002e+00 0.000000000000000000e+00
6.999999880790710449e-01 -1.984767508224701826e+00 -2.818364534002582998e-04 4.268259333406933947e-02 -5.982715488408040017e+00 0.000000000000000000e+00
7.099999785423278809e-01 -1.956815383034575584e+00 -2.227812581054462704e-04 4.156747382529015628e-02 -5.983771552721524500e+00 0.000000000000000000e+00
7.200000286102294922e-01 -1.929639641489417246e+00 -1.756413444876574561e-04 4.043421758115814391e-02 -5.984857669052038531e+00 0.000000000000000000e+00
7.300000190734863281e-01 -1.903208380017158197e+00 -1.381140203596814152e-04 3.928729639825123687e-02 -5.985967062910817482e+00 0.000000000000000000e+00
7.400000095367431641e-01 -1.877491419424235142e+00 -1.083198702194377059e-04 3.813123599460318397e-02 -5.987093329164324906e+00 0.000000000000000000e+00
7.500000000000000000e-01 -1.852460189946161240e+00 -8.472945401358174299e-05 3.697059815135020355e-02 -5.988230376591372028e+00 0.000000000000000000e+00
7.599999904632568359e-01 -1.828087625372334157e+00 -6.610179978005764742e-05 3.580996271207360221e-02 -5.989372384376415503e+00 0.000000000000000000e+00
7.699999809265136719e-01 -1.804348065420229741e+00 -5.143296527508419325e-05 3.465390951086875365e-02 -5.990513768743115364e+00 0.000000000000000000e+00
7.799999713897705078e-01 -1.781217165618689702e+00 -3.991316427785874068e-05 3.350700030045120764e-02 -5.991649158152535293e+00 0.000000000000000000e+00
7.900000214576721191e-01 -1.758671814035007053e+00 -3.089115118695446183e-05 3.237376075161159383e-02 -5.992773375688284609e+00 0.000000000000000000e+00
8.000000119209289551e-01 -1.736690054247011838e+00 -2.384473417678550537e-05 3.125866259504873901e-02 -5.993881427427837139e+00 0.000000000000000000e+00
8.100000023841857910e-01 -1.715251014020508613e+00 -1.835644403996136747e-05 3.016610597604879596e-02 -5.994968495756699767e+00 0.000000000000000000e+00
8.199999928474426270e-01 -1.694334839205059007e+00 -1.409352440853607980e-05 2.910040209163837488e-02 -5.996029936721479103e+00 0.000000000000000000e+00
8.299999833106994629e-01 -1.673922632408039624e+00 -1.079153083926466613e-05 2.806575617872490713e-02 -5.997061280640823000e+00 0.000000000000000000e+00
8.399999737739562988e-01 -1.653996396048812212e+00 -8.240932763079827456e-06 2.706625092035271074e-02 -5.998058235301119367e+00 0.000000000000000000e+00
8.500000238418579102e-01 -1.634538979432320183e+00 -6.276204996208390496e-06 2.610583033555297430e-02 -5.999016691158152170e+00 0.000000000000000000e+00
8.600000143051147461e-01 -1.615534029514965164e+00 -4.766975791851866341e-06 2.518828421635792639e-02 -5.999932728048142927e+00 0.000000000000000000e+00
8.700000047683715820e-01 -1.596965945065712100e+00 -3.610867608331529376e-06 2.431723317339044149e-02 -6.000802622982926771e+00 0.000000000000000000e+00
8.799999952316284180e-01 -1.578819833952358254e+00 -2.727726131825571014e-06 2.349611434903853963e-02 -6.001622858665802696e+00 0.000000000000000000e+00
8.899999856948852539e-01 -1.561081473307188050e+00 -2.054983780682278100e-06 2.272816785459024630e-02 -6.002390132417899871e+00 0.000000000000000000e+00
8.999999761581420898e-01 -1.543737272348076228e+00 -1.543947002765269262e-06 2.201642398484754751e-02 -6.003101365250864241e+00 0.000000000000000000e+00
9.100000262260437012e-01 -1.526774237650784016e+00 -1.156833132598235226e-06 2.136369126067023255e-02 -6.003753710861171378e+00 0.000000000000000000e+00
9.200000166893005371e-01 -1.510179940685960398e+00 -8.644132834803759361e-07 2.077254534663319774e-02 -6.004344564355359459e+00 0.000000000000000000e+00
9.300000071525573730e-01 -1.493942487450395928e+00 -6.441435030901106979e-07 2.024531888752808748e-02 -6.004871570544684012e+00 0.000000000000000000e+00
9.399999976158142090e-01 -1.478050490036583842e+00 -4.786879247661575998e-07 1.978409230381394587e-02 -6.005332631672819943e+00 0.000000000000000000e+00
9.499999880790710449e-01 -1.462493039997775357e+00 -3.547555245185630441e-07 1.939068558233786668e-02 -6.005725914461895520e+00 0.000000000000000000e+00
9.599999785423278809e-01 -1.447259683377615902e+00 -2.621868938718584236e-07 1.906665109471922595e-02 -6.006049856380883512e+00 0.000000000000000000e+00
9.700000286102294922e-01 -1.432340397284243672e+00 -1.932396390631636862e-07 1.881326747173581518e-02 -6.006303171056612378e+00 0.000000000000000000e+00
9.800000190734863281e-01 -1.417725567898543426e+00 -1.420310325390567903e-07 1.863153455788355353e-02 -6.006484852761857951e+00 0.000000000000000000e+00
9.900000095367431641e-01 -1.403405969815147758e+00 -1.041047304355145280e-07 1.852216946601885003e-02 -6.006594179927420285e+00 0.000000000000000000e+00
1.000000000000000000e+00 -1.389372746622909105e+00 -7.609503589506526280e-08 1.848560374765187073e-02 -6.006630717636093131e+00 0.000000000000000000e+00
1.009999990463256836e+00 -1.375617392638936343e+00 -5.546759340516217302e-08 1.852198169005664016e-02 -6.006594319066246079e+00 0.000000000000000000e+00
1.019999980926513672e+00 -1.362131735717039049e+00 -4.031976467054016349e-08 1.863115974691767485e-02 -6.006485125861556362e+00 0.000000000000000000e+00
1.029999971389770508e+00 -1.348907921057560522e+00 -2.922744789189622380e-08 1.881270710475957050e-02 -6.006303567411396926e+00 0.000000000000000000e+00
1.039999961853027344e+00 -1.335938395951209667e+00 -2.112791559199828015e-08 1.906590738292460174e-02 -6.006050359033699770e+00 0.000000000000000000e+00
1.049999952316284180e+00 -1.323215895394619812e+00 -1.523049124273001546e-08 1.938976146039023477e-02 -6.005726499058810397e+00 0.000000000000000000e+00
1.059999942779541016e+00 -1.310733428520079569e+00 -1.094866966063172335e-08 1.978299141827194810e-02 -6.005333264819106454e+00 0.000000000000000000e+00
1.070000052452087402e+00 -1.298484265786167491e+00 -7.848699375747151927e-09 2.024404558245446184e-02 -6.004872207554954322e+00 0.000000000000000000e+00
1.080000042915344238e+00 -1.286461926879981954e+00 -5.610759958249127474e-09 2.077110464645318122e-02 -6.004345146253015741e+00 0.000000000000000000e+00
1.090000033378601074e+00 -1.274660169285264377e+00 -3.999743282391061322e-09 2.136208885034533017e-02 -6.003754160438107057e+00 0.000000000000000000e+00
1.100000023841857910e+00 -1.263072977474046787e+00 -2.843333453865761805e-09 2.201466618744285855e-02 -6.003101581944599197e+00 0.000000000000000000e+00
1.110000014305114746e+00 -1.251694552682503403e+00 -2.015614918906431897e-09 2.272626160632382555e-02 -6.002389985698000530e+00 0.000000000000000000e+00
1.120000004768371582e+00 -1.240519303234494775e+00 -1.424853778136866434e-09 2.349406717191128771e-02 -6.001622179541651114e+00 0.000000000000000000e+00
1.129999995231628418e+00 -1.229541835378878956e+00 -1.004418949911163499e-09 2.431505314550446231e-02 -6.000801193147623280e+00 0.000000000000000000e+00
1.139999985694885254e+00 -1.218756944609045600e+00 -7.060578569270870143e-10 2.518597994004062590e-02 -5.999930266054726680e+00 0.000000000000000000e+00
1.149999976158142090e+00 -1.208159607435316918e+00 -4.949318805280214027e-10 2.610341090341250503e-02 -5.999012834880228517e+00 0.000000000000000000e+00
1.159999966621398926e+00 -1.197744973582897554e+00 -3.459627132290356317e-10 2.706372587939876589e-02 -5.998052519755272982e+00 0.000000000000000000e+00
1.169999957084655762e+00 -1.187508358589904223e+00 -2.411520116421987742e-10 2.806313549269654276e-02 -5.997053110037164458e+00 0.000000000000000000e+00
1.179999947547912598e+00 -1.177445236781750504e+00 -1.676213139602037537e-10 2.909769610168736267e-02 -5.996018549354642957e+00 0.000000000000000000e+00
1.190000057220458984e+00 -1.167551234599745635e+00 -1.161832176062656371e-10 3.016332535993374031e-02 -5.994952920044958944e+00 0.000000000000000000e+00
1.200000047683715820e+00 -1.157822124263247154e+00 -8.030312366342133675e-11 3.125581832500093360e-02 -5.993860427044011452e+00 0.000000000000000000e+00
1.210000038146972656e+00 -1.148253817746071492e+00 -5.534717422272126720e-11 3.237086405103890840e-02 -5.992745381293016926e+00 0.000000000000000000e+00
1.220000028610229492e+00 -1.138842361049132279e+00 -3.803921588683084683e-11 3.350406259965087175e-02 -5.991612182727097391e+00 0.000000000000000000e+00
1.230000019073486328e+00 -1.129583928752446953e+00 -2.606993119403481211e-11 3.465094240192374136e-02 -5.990465302912855172e+00 0.000000000000000000e+00
1.240000009536743164e+00 -1.120474818830746733e+00 -1.781638522473072631e-11 3.580697790311055534e-02 -5.989309267403414516e+00 0.000000000000000000e+00
1.250000000000000000e+00 -1.111511447717922207e+00 -1.214143052023536919e-11 3.696760742033950581e-02 -5.988148637880510883e+00 0.000000000000000000e+00
1.259999990463256836e+00 -1.102690345606485156e+00 -8.250682431141439137e-12 3.812825114288349165e-02 -5.986987994154076453e+00 0.000000000000000000e+00
1.269999980926513672e+00 -1.094008151969094289e+00 -5.590862903876451004e-12 3.928432920396166678e-02 -5.985831916090337934e+00 0.000000000000000000e+00
1.279999971389770508e+00 -1.085461611289996409e+00 -3.777774245918573724e-12 4.043127975276211705e-02 -5.984684965539724288e+00 0.000000000000000000e+00
1.289999961853027344e+00 -1.077047568994999649e+00 -2.545426686386940533e-12 4.156457695537409819e-02 -5.983551668335880258e+00 0.000000000000000000e+00
1.299999952316284180e+00 -1.068762967569282685e+00 -1.710219597884060814e-12 4.267974885359869519e-02 -5.982436496436820406e+00 0.000000000000000000e+00
1.309999942779541016e+00 -1.060604842853007490e+00 -1.145800841814591547e-12 4.377239501116730880e-02 -5.981343850278687313e+00 0.000000000000000000e+00
1.320000052452087402e+00 -1.052570320505305190e+00 -7.654761445346545031e-13 4.483820387773663346e-02 -5.980278041411738243e+00 0.000000000000000000e+00
1.330000042915344238e+00 -1.044656612627774539e+00 -5.099396231925637435e-13 4.587296980214271291e-02 -5.979243275487076126e+00 0.000000000000000000e+00
1.340000033378601074e+00 -1.036861014539160797e+00 -3.387425510621803187e-13 4.687260962777930334e-02 -5.978243635661268485e+00 0.000000000000000000e+00
1.350000023841857910e+00 -1.029180901693373729e+00 -2.243799173199408621e-13 4.783317880461666893e-02 -5.977283066484316620e+00 0.000000000000000000e+00
1.360000014305114746e+00 -1.021613726733473060e+00 -1.482042982621278874e-13 4.875088695428266700e-02 -5.976365358334574829e+00 0.000000000000000000e+00
1.370000004768371582e+00 -1.014157016674666956e+00 -9.761118063574101149e-14 4.962211282678680863e-02 -5.975494132462019437e+00 0.000000000000000000e+00
1.379999995231628418e+00 -1.006808370209786085e+00 -6.410614486967402920e-14 5.044341858986878258e-02 -5.974672826698903982e+00 0.000000000000000000e+00
1.389999985694885254e+00 -9.995654551310630964e-01 -4.198174387810081084e-14 5.121156339458571988e-02 -5.973904681894165236e+00 0.000000000000000000e+00
1.399999976158142090e+00 -9.924260058624004843e-01 -2.741456828471531626e-14 5.192351616360896260e-02 -5.973192729125127443e+00 0.000000000000000000e+00
1.409999966621398926e+00 -9.853878210966462436e-01 -1.785097266519973184e-14 5.257646755176819536e-02 -5.972539777736958655e+00 0.000000000000000000e+00
1.419999957084655762e+00 -9.784487615326979970e-01 -1.159047736381366623e-14 5.316784103164673425e-02 -5.971948404257074294e+00 0.000000000000000000e+00
1.429999947547912598e+00 -9.716067477075490677e-01 -7.504109523597961122e-15 5.369530306048464485e-02 -5.971420942228231610e+00 0.000000000000000000e+00
1.440000057220458984e+00 -9.648597579186629636e-01 -4.844565779721747185e-15 5.415677228827148887e-02 -5.970959473000442053e+00 0.000000000000000000e+00
1.450000047683715820e+00 -9.582058262323152054e-01 -3.118658800074538180e-15 5.455042777069365328e-02 -5.970565817518018292e+00 0.000000000000000000e+00
1.460000038146972656e+00 -9.516430405737799081e-01 -2.001878209820605957e-15 5.487471615452819973e-02 -5.970241529134183267e+00 0.000000000000000000e+00
1.470000028610229492e+00 -9.451695408954665645e-01 -1.281338002035084624e-15 5.512835780713015721e-02 -5.969987887481580380e+00 0.000000000000000000e+00
1.480000019073486328e+00 -9.387835174193154275e-01 -8.177970078701077437e-16 5.531035186582616836e-02 -5.969805893422883258e+00 0.000000000000000000e+00
1.490000009536743164e+00 -9.324832089499698329e-01 -5.204542809570759529e-16 5.541998018728973990e-02 -5.969696265101419819e+00 0.000000000000000000e+00
1.500000000000000000e+00 -9.262669012554161085e-01 -3.302740264401328877e-16 5.545681018131431994e-02 -5.969659435107395495e+00 0.000000000000000000e+00
1.509999990463256836e+00 -9.324217369225601404e-01 -5.181415373621110518e-16 5.542069651780168887e-02 -5.969695548770907578e+00 0.000000000000000000e+00
1.519999980926513672e+00 -9.387212119438369529e-01 -8.141858899912627475e-16 5.531178170023043350e-02 -5.969804463588479493e+00 0.000000000000000000e+00
1.529999971389770508e+00 -9.451063849062522060e-01 -1.275715953169137546e-15 5.513049550334128690e-02 -5.969985749785369222e+00 0.000000000000000000e+00
1.539999961853027344e+00 -9.515790165360477060e-01 -1.993150774183003102e-15 5.487755327725835075e-02 -5.970238692011452741e+00 0.000000000000000000e+00
1.549999952316284180e+00 -9.581409161259369922e-01 -3.105149958632994757e-15 5.455395312473804853e-02 -5.970562292163974050e+00 0.000000000000000000e+00
1.559999942779541016e+00 -9.647939432212557787e-01 -4.823716584542435472e-15 5.416097196268439967e-02 -5.970955273326029378e+00 0.000000000000000000e+00
1.570000052452087402e+00 -9.715400093768534751e-01 -7.472024632851809710e-15 5.370016048347146798e-02 -5.971416084805245106e+00 0.000000000000000000e+00
1.580000042915344238e+00 -9.783810799882097786e-01 -1.154124482191583754e-14 5.317333703595593375e-02 -5.971942908252764859e+00 0.000000000000000000e+00
1.590000033378601074e+00 -9.853191762004639420e-01 -1.777564669542391791e-14 5.258258045032467715e-02 -5.972533664838402423e+00 0.000000000000000000e+00
1.600000023841857910e+00 -9.923563768992488265e-01 -2.729965285536145099e-14 5.193022183509066192e-02 -5.973186023453645355e+00 0.000000000000000000e+00
1.610000014305114746e+00 -9.994948207874515544e-01 -4.180693903272841533e-14 5.121883537860565799e-02 -5.973897409910144951e+00 0.000000000000000000e+00
1.620000004768371582e+00 -1.006736708552257831e+00 -6.384100778401498725e-14 5.045122819138696951e-02 -5.974665017097385622e+00 0.000000000000000000e+00
1.629999995231628418e+00 -1.014084305127091801e+00 -9.721019412118207302e-14 4.963042922933998818e-02 -5.975485816059466160e+00 0.000000000000000000e+00
1.639999985694885254e+00 -1.021539942053335315e+00 -1.475996097319892196e-13 4.875967734158535849e-02 -5.976356567947271436e+00 0.000000000000000000e+00
1.649999976158142090e+00 -1.029106019947002126e+00 -2.234706809985008899e-13 4.784240849005316765e-02 -5.977273836798879358e+00 0.000000000000000000e+00
1.659999966621398926e+00 -1.036785011075844531e+00 -3.373793330358218430e-13 4.688224219127601344e-02 -5.978234003097770533e+00 0.000000000000000000e+00
1.669999957084655762e+00 -1.044579462052710017e+00 -5.079016531752949761e-13 4.588296723388089748e-02 -5.979233278055335887e+00 0.000000000000000000e+00
1.679999947547912598e+00 -1.052491996651304218e+00 -7.624382364875552882e-13 4.484852672813788993e-02 -5.980267718561333545e+00 0.000000000000000000e+00
1.690000057220458984e+00 -1.060525318750909607e+00 -1.141285441374379157e-12 4.378300254656050661e-02 -5.981333242743289702e+00 0.000000000000000000e+00
1.700000047683715820e+00 -1.068682215416993264e+00 -1.703527486039360875e-12 4.269059921695403381e-02 -5.982425646073458836e+00 0.000000000000000000e+00
1.710000038146972656e+00 -1.076965560125083154e+00 -2.535537151762332013e-12 4.157562733146950157e-02 -5.983540617959775432e+00 0.000000000000000000e+00
1.720000028610229492e+00 -1.085378316135747090e+00 -3.763201722932538139e-12 4.044248653713097830e-02 -5.984673758755341133e+00 0.000000000000000000e+00
1.730000019073486328e+00 -1.093923540028994834e+00 -5.569451735416918955e-12 3.929564817495492801e-02 -5.985820597119323239e+00 0.000000000000000000e+00
1.740000009536743164e+00 -1.102604385406967813e+00 -8.219313969319375023e-12 3.813963763616680380e-02 -5.986976607660761118e+00 0.000000000000000000e+00
1.750000000000000000e+00 -1.111424106774335119e+00 -1.209560643157987599e-11 3.697901650513753247e-02 -5.988137228795666900e+00 0.000000000000000000e+00
1.759999990463256836e+00 -1.120386063606424676e+00 -1.774963653494396092e-11 3.581836455950252601e-02 -5.989297880746955904e+00 0.000000000000000000e+00
1.769999980926513672e+00 -1.129493724615777239e+00 -2.597298282637529185e-11 3.466226169849068173e-02 -5.990453983616191636e+00 0.000000000000000000e+00
1.779999971389770508e+00 -1.138750672228499905e+00 -3.789880923911453146e-11 3.351526987077377284e-02 -5.991600975455834366e+00 0.000000000000000000e+00
1.789999961853027344e+00 -1.148160607282563195e+00 -5.514441303098092964e-11 3.238191507314792245e-02 -5.992734330270705456e+00 0.000000000000000000e+00
1.799999952316284180e+00 -1.157727353960978700e+00 -8.001115745280700941e-11 3.126666949108032612e-02 -5.993849575877639779e+00 0.000000000000000000e+00
1.809999942779541016e+00 -1.167454864973676676e+00 -1.157640076781541401e-10 3.017393385159397243e-02 -5.994942311552879488e+00 0.000000000000000000e+00
1.820000052452087402e+00 -1.177347227002832897e+00 -1.670211327903033397e-10 2.910802005812514193e-02 -5.996008225397605251e+00 0.000000000000000000e+00
1.830000042915344238e+00 -1.187408666427407722e+00 -2.402951994021252349e-10 2.807313417587639984e-02 -5.997043111353128175e+00 0.000000000000000000e+00
1.840000033378601074e+00 -1.197643555343737898e+00 -3.447430438603650523e-10 2.707335983480416153e-02 -5.998042885798647639e+00 0.000000000000000000e+00
1.850000023841857910e+00 -1.208056417900206458e+00 -4.932006598998855615e-10 2.611264211573221042e-02 -5.999003603666177575e+00 0.000000000000000000e+00
1.860000014305114746e+00 -1.218651936965268856e+00 -7.036075681316572254e-10 2.519477198317607303e-02 -5.999921474009140887e+00 0.000000000000000000e+00
1.870000004768371582e+00 -1.229434961149483474e+00 -1.000960850981876712e-09 2.432337132630605150e-02 -6.000792874963363666e+00 0.000000000000000000e+00
1.879999995231628418e+00 -1.240410512203670379e+00 -1.419987313332327275e-09 2.350187866707659223e-02 -6.001614368041619407e+00 0.000000000000000000e+00
1.889999985694885254e+00 -1.251583792816913787e+00 -2.008786084721086155e-09 2.273353559191735110e-02 -6.002382711705577911e+00 0.000000000000000000e+00
1.899999976158142090e+00 -1.262960194839847450e+00 -2.833778311717464175e-09 2.202137396052646773e-02 -6.003094874161960526e+00 0.000000000000000000e+00
1.909999966621398926e+00 -1.274545307960534668e+00 -3.986411563050288490e-09 2.136820394223914663e-02 -6.003748045332881311e+00 0.000000000000000000e+00
1.919999957084655762e+00 -1.286344928862270143e+00 -5.592212071122504755e-09 2.077660292718030988e-02 -6.004339647953741199e+00 0.000000000000000000e+00
1.929999947547912598e+00 -1.298365070894826223e+00 -7.822968008010382008e-09 2.024890535595712943e-02 -6.004867347755720175e+00 0.000000000000000000e+00
1.940000057220458984e+00 -1.310611974293049764e+00 -1.091307438627084206e-08 1.978719350802354837e-02 -6.005329062693760100e+00 0.000000000000000000e+00
1.950000047683715820e+00 -1.323092116979289079e+00 -1.518139098252063569e-08 1.939328928506534391e-02 -6.005722971185035064e+00 0.000000000000000000e+00
1.960000038146972656e+00 -1.335812225988942892e+00 -2.106037914983922148e-08 1.906874702182842149e-02 -6.006047519327259998e+00 0.000000000000000000e+00
1.970000028610229492e+00 -1.348779289561473860e+00 -2.913481686275140059e-08 1.881484735275856454e-02 -6.006301427070767751e+00 0.000000000000000000e+00
1.980000019073486328e+00 -1.362000569942549477e+00 -4.019307542477760848e-08 1.863259215865473509e-02 -6.006483693323129813e+00 0.000000000000000000e+00
1.990000009536743164e+00 -1.375483616946585164e+00 -5.529481517521573702e-08 1.852270061327621412e-02 -6.006593599970248221e+00 0.000000000000000000e+00
2.000000000000000000e+00 -1.389236282332911854e+00 -7.586006969546893925e-08 1.848560634550358572e-02 -6.006630714803274707e+00 0.000000000000000000e+00
2.009999990463256836e+00 -1.403266735053089409e+00 -1.037860979892520901e-07 1.852145572825167341e-02 -6.006594893346555608e+00 0.000000000000000000e+00
2.019999980926513672e+00 -1.417583477431577865e+00 -1.416001647716602863e-07 1.863010730088619435e-02 -6.006486279587987198e+00 0.000000000000000000e+00
2.029999971389770508e+00 -1.432195362347109091e+00 -1.926586491010644794e-07 1.881113232742337785e-02 -6.006305305619934920e+00 0.000000000000000000e+00
2.039999961853027344e+00 -1.447111611487723382e+00 -2.614056886825650742e-07 1.906381648830982045e-02 -6.006052690206088229e+00 0.000000000000000000e+00
2.049999952316284180e+00 -1.462341834758558834e+00 -3.537080709611648622e-07 1.938716269910692805e-02 -6.005729436297673196e+00 0.000000000000000000e+00
2.059999942779541016e+00 -1.477896050928231286e+00 -4.772874382108508841e-07 1.977989504495748438e-02 -6.005336827531190025e+00 0.000000000000000000e+00
2.069999933242797852e+00 -1.493784709607010708e+00 -6.422762679260551548e-07 2.024046381530895250e-02 -6.004876423749667680e+00 0.000000000000000000e+00
2.079999923706054688e+00 -1.510018714658112104e+00 -8.619307424073715834e-07 2.076705161902689389e-02 -6.004350055600424341e+00 0.000000000000000000e+00
2.089999914169311523e+00 -1.526609449152320552e+00 -1.153541792816985334e-06 2.135758055576802983e-02 -6.003759818274733817e+00 0.000000000000000000e+00
2.099999904632568359e+00 -1.543568801985964356e+00 -1.539595598796606709e-06 2.200972041531540357e-02 -6.003108064468992033e+00 0.000000000000000000e+00
2.109999895095825195e+00 -1.560909196293043033e+00 -2.049247001779463366e-06 2.272089787252092735e-02 -6.002397396663189610e+00 0.000000000000000000e+00
2.119999885559082031e+00 -1.578643619794195097e+00 -2.720184062423240567e-06 2.348830664157242065e-02 -6.001630658831198950e+00 0.000000000000000000e+00
2.130000114440917969e+00 -1.596785657238322109e+00 -3.600979837673294141e-06 2.430891854951683362e-02 -6.000810927719030019e+00 0.000000000000000000e+00
2.140000104904174805e+00 -1.615349525107161677e+00 -4.754048918113722990e-06 2.517949548534372667e-02 -5.999941503852283198e+00 0.000000000000000000e+00
2.150000095367431641e+00 -1.634350108769146548e+00 -6.259351974570348163e-06 2.609660217747825431e-02 -5.999025902463205107e+00 0.000000000000000000e+00
2.160000085830688477e+00 -1.653803002286606372e+00 -8.219022218950775338e-06 2.705661974926409918e-02 -5.998067844561663975e+00 0.000000000000000000e+00
2.170000076293945312e+00 -1.673724551100053359e+00 -1.076312407902322831e-05 2.805575999894675127e-02 -5.997071248413841538e+00 0.000000000000000000e+00
2.180000066757202148e+00 -1.694131897835109646e+00 -1.405679740159639339e-05 2.909008034780888666e-02 -5.996040221738301312e+00 0.000000000000000000e+00
2.190000057220458984e+00 -1.715043031501875648e+00 -1.830909110767042297e-05 3.015549939747257102e-02 -5.994979054982343847e+00 0.000000000000000000e+00
2.200000047683715820e+00 -1.736476840383524678e+00 -2.378384949465417138e-05 3.124781303498005980e-02 -5.993892216103223980e+00 0.000000000000000000e+00
2.210000038146972656e+00 -1.758453168940951494e+00 -3.081308347516926609e-05 3.236271102210275946e-02 -5.992784347350081475e+00 0.000000000000000000e+00
2.220000028610229492e+00 -1.780992879093814096e+00 -3.981333920822762102e-05 3.349579400341737984e-02 -5.991660264624499632e+00 0.000000000000000000e+00
2.230000019073486328e+00 -1.804117916275743916e+00 -5.130566914709846664e-05 3.464259086603603544e-02 -5.990524960091820006e+00 0.000000000000000000e+00
2.240000009536743164e+00 -1.827851380703357620e+00 -6.593991690051865205e-05 3.579857638248930274e-02 -5.989383608823120042e+00 0.000000000000000000e+00
2.250000000000000000e+00 -1.852217604345591795e+00 -8.452414893870237376e-05 3.695918906714368984e-02 -5.988241580370504025e+00 0.000000000000000000e+00
2.259999990463256836e+00 -1.877242234132460830e+00 -1.080602045706253377e-04 3.811984917569292974e-02 -5.987104456317586809e+00 0.000000000000000000e+00
2.269999980926513672e+00 -1.902952322001414620e+00 -1.377864922894857453e-04 3.927597677669748821e-02 -5.985978055004300913e+00 0.000000000000000000e+00
2.279999971389770508e+00 -1.929376422445913786e+00 -1.752293370359086751e-04 4.042300982386232144e-02 -5.984868464801882837e+00 0.000000000000000000e+00
2.289999961853027344e+00 -1.956544698305714425e+00 -2.222643806333180080e-04 4.155642215774050380e-02 -5.983782087511602121e+00 0.000000000000000000e+00
2.299999952316284180e+00 -1.984489035622846842e+00 -2.811897580084810641e-04 4.267174136582847083e-02 -5.982725693680889023e+00 0.000000000000000000e+00
2.309999942779541016e+00 -2.013243168482787837e+00 -3.548130161235126738e-04 4.376456643057708568e-02 -5.981706491874255072e+00 0.000000000000000000e+00
2.319999933242797852e+00 -2.042842814868472079e+00 -4.465540119817938605e-04 4.483058509568051825e-02 -5.980732214205009889e+00 0.000000000000000000e+00
2.329999923706054688e+00 -2.073325824677470841e+00 -5.605663216360950085e-04 4.586559088211578095e-02 -5.979811220728229237e+00 0.000000000000000000e+00
2.339999914169311523e+00 -2.104732341192058875e+00 -7.018800146447614187e-04 4.686549968678794392e-02 -5.978952625616566152e+00 0.000000000000000000e+00
2.349999904632568359e+00 -2.137104977450593690e+00 -8.765689985151630097e-04 4.782636589828376944e-02 -5.978166448388940069e+00 0.000000000000000000e+00
2.359999895095825195e+00 -2.170489009149632942e+00 -1.091946515770350363e-03 4.874439796614084969e-02 -5.977463793838338368e+00 0.000000000000000000e+00
2.369999885559082031e+00 -2.204932585913081500e+00 -1.356792782626815895e-03 4.961597336219686349e-02 -5.976857064709139244e+00 0.000000000000000000e+00
2.380000114440917969e+00 -2.240486963001534271e+00 -1.681619193003675624e-03 5.043765287498157279e-02 -5.976360211606730921e+00 0.000000000000000000e+00
2.390000104904174805e+00 -2.277206755806809202e+00 -2.078973974776798794e-03 5.120619418074651152e-02 -5.975989025082739659e+00 0.000000000000000000e+00
2.400000095367431641e+00 -2.315150219789236630e+00 -2.563794677010693916e-03 5.191856463758128676e-02 -5.975761475328138062e+00 0.000000000000000000e+00
2.410000085830688477e+00 -2.354379558875536738e+00 -3.153813387775076475e-03 5.257195325213150777e-02 -5.975698105424352313e+00 0.000000000000000000e+00
2.420000076293945312e+00 -2.394961265751240909e+00 -3.870021133029924714e-03 5.316378177169767821e-02 -5.975822484650040956e+00 0.000000000000000000e+00
2.430000066757202148e+00 -2.436966497963458433e+00 -4.737198489733546007e-03 5.369171485794636822e-02 -5.976161728920495797e+00 0.000000000000000000e+00
2.440000057220458984e+00 -2.480471494309005820e+00 -5.784520063869083226e-03 5.415366930208809909e-02 -5.976747096050489816e+00 0.000000000000000000e+00
2.450000047683715820e+00 -2.525558036633669179e+00 -7.046241141395605256e-03 5.454782224515945799e-02 -5.977614664184945248e+00 0.000000000000000000e+00
2.460000038146972656e+00 -2.572313962927497144e+00 -8.562475524634859808e-03 5.487261837097209133e-02 -5.978806102442371539e+00 0.000000000000000000e+00
2.470000028610229492e+00 -2.620833738489061648e+00 -1.038007432911581228e-02 5.512677604334580150e-02 -5.980369543574479252e+00 0.000000000000000000e+00
2.480000019073486328e+00 -2.671219092973289744e+00 -1.255361635167633050e-02 5.530929236340798028e-02 -5.982360569276977458e+00 0.000000000000000000e+00
2.490000009536743164e+00 -2.723579732362904515e+00 -1.514652155070600817e-02 5.541944712700385550e-02 -5.984843319712410903e+00 0.000000000000000000e+00
2.500000000000000000e+00 -2.778034136349486261e+00 -1.823230023223273988e-02 5.545680566660127903e-02 -5.987891739854340756e+00 0.000000000000000000e+00
2.509999990463256836e+00 -2.834710453321575674e+00 -2.189595174893233659e-02 5.542122056647643541e-02 -5.991590976471164787e+00 0.000000000000000000e+00
2.519999980926513672e+00 -2.893747507189524892e+00 -2.623552794274641373e-02 5.531283224441195523e-02 -5.996038940987043375e+00 0.000000000000000000e+00
2.529999971389770508e+00 -2.955295932698023265e+00 -3.136387826019386427e-02 5.513206839761242151e-02 -6.001348055151290772e+00 0.000000000000000000e+00
2.539999961853027344e+00 -3.019519458772069953e+00 -3.741059552592738979e-02 5.487964231502349965e-02 -6.007647198499612706e+00 0.000000000000000000e+00
2.549999952316284180e+00 -3.086596362915745129e+00 -4.452418388133135008e-02 5.455655006271421109e-02 -6.015083879107326226e+00 0.000000000000000000e+00
2.559999942779541016e+00 -3.156721123866961687e+00 -5.287447351716809130e-02 5.416406655342893145e-02 -6.023826652252448177e+00 0.000000000000000000e+00
2.569999933242797852e+00 -3.230106304770590242e+00 -6.265531072581442817e-02 5.370374051581822128e-02 -6.034067815498705301e+00 0.000000000000000000e+00
2.579999923706054688e+00 -3.306984705275247904e+00 -7.408755668984912113e-02 5.317738838320012346e-02 -6.046026413595358306e+00 0.000000000000000000e+00
2.589999914169311523e+00 -3.387611828449877294e+00 -8.742243458994657102e-02 5.258708712596649182e-02 -6.059951592752689464e+00 0.000000000000000000e+00
2.599999904632568359e+00 -3.472268717591851406e+00 -1.029452724131798003e-01 5.193516605591751156e-02 -6.076126351645971368e+00 0.000000000000000000e+00
2.609999895095825195e+00 -3.561265229290528467e+00 -1.209796987290738812e-01 5.122419763486419503e-02 -6.094871746382918509e+00 0.000000000000000000e+00
2.619999885559082031e+00 -3.654943823075734510e+00 -1.418923612599603534e-01 5.045698732376807660e-02 -6.116551619224900982e+00 0.000000000000000000e+00
2.630000114440917969e+00 -3.753683965341787943e+00 -1.660982540585899114e-01 4.963656251247278856e-02 -6.141577936834826446e+00 0.000000000000000000e+00
2.640000104904174805e+00 -3.857907266937174562e+00 -1.940667594972520504e-01 4.876616057371081087e-02 -6.170416844212250673e+00 0.000000000000000000e+00
2.650000095367431641e+00 -3.968083501086870246e+00 -2.263285373456879468e-01 4.784921608852357039e-02 -6.203595566545873297e+00 0.000000000000000000e+00
2.660000085830688477e+00 -4.084737682808155412e+00 -2.634834266487581789e-01 4.688934729350346248e-02 -6.241710324643963581e+00 0.000000000000000000e+00
2.670000076293945312e+00 -4.208458434877564436e+00 -3.062095691357255012e-01 4.589034180333608631e-02 -6.285435472621098363e+00 0.000000000000000000e+00
2.680000066757202148e+00 -4.339907921643276545e+00 -3.552740184780827648e-01 4.485614166498168298e-02 -6.335534122101810439e+00 0.000000000000000000e+00
2.690000057220458984e+00 -4.479833704532385497e+00 -4.115451718798938119e-01 4.379082780247090662e-02 -6.392870589366132172e+00 0.000000000000000000e+00
2.700000047683715820e+00 -4.629082967412739613e+00 -4.760074547063948280e-01 4.269860391369605102e-02 -6.458425096081407801e+00 0.000000000000000000e+00
2.710000038146972656e+00 -4.788619683532006732e+00 -5.497788126634356454e-01 4.158377988273976450e-02 -6.533311278069405148e+00 0.000000000000000000e+00
2.720000028610229492e+00 -4.959545459013956048e+00 -6.341317299009741060e-01 4.045075477319645674e-02 -6.618797220416486660e+00 0.000000000000000000e+00
2.730000019073486328e+00 -5.143125005536543171e+00 -7.305187100419539004e-01 3.930399946959364788e-02 -6.716330955861069540e+00 0.000000000000000000e+00
2.740000009536743164e+00 -5.340817487753790616e+00 -8.406034514522515710e-01 3.814803903541009317e-02 -6.827571657705550301e+00 0.000000000000000000e+00
2.750000000000000000e+00 -5.554315389351821786e+00 -9.662993481699453380e-01 3.698743485730537905e-02 -6.954428158601348997e+00 0.000000000000000000e+00
2.759999990463256836e+00 -5.785593089232697217e+00 -1.109817497681835574e+00 3.582676664601911615e-02 -7.099106976324526030e+00 0.000000000000000000e+00
2.769999980926513672e+00 -6.036968101055584235e+00 -1.273727161013157305e+00 3.467061436496407523e-02 -7.264172791936902129e+00 0.000000000000000000e+00
2.779999971389770508e+00 -6.311179002496514201e+00 -1.461032696619616544e+00 3.352354015782203767e-02 -7.452625401750503364e+00 0.000000000000000000e+00
2.789999961853027344e+00 -6.611485613287848118e+00 -1.675272525473353147e+00 3.239007034645599581e-02 -7.667998700415606272e+00 0.000000000000000000e+00
2.799999952316284180e+00 -6.941799202969444416e+00 -1.920647910070975461e+00 3.127467757017406147e-02 -7.914489477789510730e+00 0.000000000000000000e+00
2.809999942779541016e+00 -7.306853782745975856e+00 -2.202192607223673715e+00 3.018176313682336201e-02 -8.197127089375559450e+00 0.000000000000000000e+00
2.819999933242797852e+00 -7.712434444604471473e+00 -2.525999367054870604e+00 2.911563965535561571e-02 -8.521999972688224290e+00 0.000000000000000000e+00
2.829999923706054688e+00 -8.165686215950204385e+00 -2.899526759600585812e+00 2.808051401839622985e-02 -8.896562490870898898e+00 0.000000000000000000e+00
2.839999914169311523e+00 -8.675538620583436611e+00 -3.332021536815779506e+00 2.708047080196679390e-02 -9.330057311302521583e+00 0.000000000000000000e+00
2.849999904632568359e+00 -9.253299885549042259e+00 -3.835110490234128644e+00 2.611945614786553849e-02 -9.834107279374972421e+00 0.000000000000000000e+00
2.859999895095825195e+00 -9.913505521268573872e+00 -4.423646555943030911e+00 2.520126219230509404e-02 -1.042356153903943472e+01 0.000000000000000000e+00
2.869999885559082031e+00 -1.067515807907777869e+01 -5.116945998499178749e+00 2.432951210225201694e-02 -1.111773273168563492e+01 0.000000000000000000e+00
2.880000114440917969e+00 -1.156358597323330173e+01 -5.940644591227703941e+00 2.350764577851405246e-02 -1.194225319073789926e+01 0.000000000000000000e+00
2.890000104904174805e+00 -1.261331475301651572e+01 -6.929566211335083104e+00 2.273890628199029193e-02 -1.293194355034180276e+01 0.000000000000000000e+00
2.900000095367431641e+00 -1.387265842309738950e+01 -8.132311482696151117e+00 2.202632703664616706e-02 -1.413540140094821318e+01 0.000000000000000000e+00
2.910000085830688477e+00 -1.541136628528130181e+01 -9.618901975440079966e+00 2.137271985970955884e-02 -1.562264550086907988e+01 0.000000000000000000e+00
2.920000076293945312e+00 -1.733399361810904793e+01 -1.149414831546967974e+01 2.078066386632082888e-02 -1.749848389689206840e+01 0.000000000000000000e+00
2.930000066757202148e+00 -1.980470715439378537e+01 -1.392245320064523639e+01 2.025249529241860552e-02 -1.992731695064152575e+01 0.000000000000000000e+00
2.940000057220458984e+00 -2.309683095069851433e+01 -1.717735495356667386e+01 1.979029827601986105e-02 -2.318268090057936348e+01 0.000000000000000000e+00
2.950000047683715820e+00 -2.770166019776925737e+01 -2.175033919447722752e+01 1.939589663327117783e-02 -2.775605954313266466e+01 0.000000000000000000e+00
2.960000038146972656e+00 -3.459985419080129532e+01 -2.862222988555965131e+01 1.907084666172265477e-02 -3.462827528418663547e+01 0.000000000000000000e+00
2.970000028610229492e+00 -4.607277432775522641e+01 -4.007452564445900123e+01 1.881643099922252968e-02 -4.608082545874848535e+01 0.000000000000000000e+00
2.980000019073486328e+00 -6.892877673254874082e+01 -6.291569095008421897e+01 1.863365356266497366e-02 -6.892217354181026678e+01 0.000000000000000000e+00
2.990000009536743164e+00 -1.367864570330767719e+02 -1.307643997929253032e+02 1.852323558656300204e-02 -1.367709928026274326e+02 0.000000000000000000e+00
3.000000000000000000e+00 -8.802683750034948389e+03 -8.796658634528643233e+03 1.848561277707771663e-02 -8.802665265161156640e+03 0.000000000000000000e+00
3.009999990463256836e+00 -1.411739096497683192e+02 -1.351516653068304095e+02 1.852093359273432327e-02 -1.411582606185263842e+02 0.000000000000000000e+00
3.019999980926513672e+00 -7.002543491219611838e+01 -6.401197591716933744e+01 1.862905865860911558e-02 -7.001846310379943361e+01 0.000000000000000000e+00
3.029999971389770508e+00 -4.656016109655903534e+01 -4.056135506649929567e+01 1.880956131629887493e-02 -4.656766175047170719e+01 0.000000000000000000e+00
3.039999961853027344e+00 -3.487400592779767550e+01 -2.889564307900399598e+01 1.906172930750263395e-02 -3.490169759498520108e+01 0.000000000000000000e+00
3.049999952316284180e+00 -2.787711632585049415e+01 -2.192487945079482969e+01 1.938456758457257276e-02 -2.793061112849896688e+01 0.000000000000000000e+00
3.059999942779541016e+00 -2.321867511305028842e+01 -1.729811067554996384e+01 1.977680223694333259e-02 -2.330345011860173088e+01 0.000000000000000000e+00
3.069999933242797852e+00 -1.989422515012097747e+01 -1.401071578907478532e+01 2.023688551794658105e-02 -2.001559514884554858e+01 0.000000000000000000e+00
3.079999923706054688e+00 -1.740253075191017018e+01 -1.156126946176764214e+01 2.076300195217484559e-02 -1.756562270510417534e+01 0.000000000000000000e+00
3.089999914169311523e+00 -1.546551903811362116e+01 -9.671485268137082869e+00 2.135307549929537849e-02 -1.567524843792649669e+01 0.000000000000000000e+00
3.099999904632568359e+00 -1.391652212725650806e+01 -8.174460012116194108e+00 2.200477774604554099e-02 -1.417757147965885700e+01 0.000000000000000000e+00
3.109999895095825195e+00 -1.264955200323682583e+01 -6.963951603976237692e+00 2.271554590872756213e-02 -1.296635230335621891e+01 0.000000000000000000e+00
3.119999885559082031e+00 -1.159405838937787969e+01 -5.969135150231360321e+00 2.348253943979417002e-02 -1.197076885608027474e+01 0.000000000000000000e+00
3.130000114440917969e+00 -1.070110308171323332e+01 -5.140791371853911329e+00 2.430279666287708112e-02 -1.114160482047974199e+01 0.000000000000000000e+00
3.140000104904174805e+00 -9.935893405382181243e+00 -4.443823442186987549e+00 2.517300281694162534e-02 -1.044376668465875468e+01 0.000000000000000000e+00
3.150000095367431641e+00 -9.272787460544089200e+00 -3.852288845315914756e+00 2.608980689982526302e-02 -9.851315283704797920e+00 0.000000000000000000e+00
3.160000085830688477e+00 -8.692679337422774211e+00 -3.346761302240555125e+00 2.704950399267466721e-02 -9.344828043536589135e+00 0.000000000000000000e+00
3.170000076293945312e+00 -8.180858201104051375e+00 -2.912219732956240925e+00 2.804839848035485528e-02 -8.909287579764594511e+00 0.000000000000000000e+00
3.180000066757202148e+00 -7.725977723155733834e+00 -2.536991881878207789e+00 2.908245370651910133e-02 -8.533025673460397087e+00 0.000000000000000000e+00
3.190000057220458984e+00 -7.318999775210749625e+00 -2.211729900572857233e+00 3.014768771668123112e-02 -8.206698458144884967e+00 0.000000000000000000e+00
3.200000047683715820e+00 -6.952769256265392883e+00 -1.928957211146120398e+00 3.123979576826743654e-02 -7.922833660666562139e+00 0.000000000000000000e+00
3.210000038146972656e+00 -6.621428250460766662e+00 -1.682515972028489015e+00 3.235457235615055160e-02 -7.675277644961047585e+00 0.000000000000000000e+00
3.220000028610229492e+00 -6.320245160773126258e+00 -1.467366474115069153e+00 3.348751253006390649e-02 -7.458995206873714423e+00 0.000000000000000000e+00
3.230000019073486328e+00 -6.045256764189677945e+00 -1.279263363781018681e+00 3.463425354796632882e-02 -7.269745355521761709e+00 0.000000000000000000e+00
3.240000009536743164e+00 -5.793211179591494897e+00 -1.114667498517878386e+00 3.579016128737035063e-02 -7.103993582519216865e+00 0.000000000000000000e+00
3.250000000000000000e+00 -5.561330913612294147e+00 -9.705435119645913211e-01 3.695078456240887682e-02 -6.958708972690891059e+00 0.000000000000000000e+00
3.259999990463256836e+00 -5.347308641005284358e+00 -8.443235106492505970e-01 3.811143315067389015e-02 -6.831328322787285856e+00 0.000000000000000000e+00
3.269999980926513672e+00 -5.149139686700478613e+00 -7.337739801780690518e-01 3.926763761017045690e-02 -6.719622587856607154e+00 0.000000000000000000e+00
3.279999971389770508e+00 -4.965142422319233972e+00 -6.369835235836202036e-01 4.041472557547149541e-02 -6.621685043296857920e+00 0.000000000000000000e+00
3.289999961853027344e+00 -4.793833360705146873e+00 -5.522719073510722332e-01 4.154827982402072711e-02 -6.535839872815760287e+00 0.000000000000000000e+00
3.299999952316284180e+00 -4.633958543998200064e+00 -4.781885965496329716e-01 4.266371952269892853e-02 -6.460641122315642804e+00 0.000000000000000000e+00
3.309999942779541016e+00 -4.484396350169037149e+00 -4.134487334381284906e-01 4.375674932054243044e-02 -6.394808229406295119e+00 0.000000000000000000e+00
3.319999933242797852e+00 -4.344193096126400810e+00 -3.569360458419505999e-01 4.482295214875661044e-02 -6.337229338981902771e+00 0.000000000000000000e+00
3.329999923706054688e+00 -4.212484791558468444e+00 -3.076567557388157348e-01 4.585822225841483524e-02 -6.286914778769109979e+00 0.000000000000000000e+00
3.339999914169311523e+00 -4.088533546521436080e+00 -2.647437682898602929e-01 4.685837599477643556e-02 -6.243001637583793340e+00 0.000000000000000000e+00
3.349999904632568359e+00 -3.971662849988693900e+00 -2.274229137741264617e-01 4.781956195169159013e-02 -6.204719597111143514e+00 0.000000000000000000e+00
3.359999895095825195e+00 -3.861293083499546253e+00 -1.950169954289555641e-01 4.873789585765692101e-02 -6.171395344860007626e+00 0.000000000000000000e+00
3.369999885559082031e+00 -3.756886815883593744e+00 -1.669207388796010438e-01 4.960984137948234313e-02 -6.142427142788827510e+00 0.000000000000000000e+00
3.380000114440917969e+00 -3.657982616775060425e+00 -1.426041236044743032e-01 5.043187487731592977e-02 -6.117288494015867606e+00 0.000000000000000000e+00
3.390000104904174805e+00 -3.564148005348712012e+00 -1.215936087083083345e-01 5.120083085294086650e-02 -6.095509023144076721e+00 0.000000000000000000e+00
3.400000095367431641e+00 -3.475011228816301312e+00 -1.034745966649874699e-01 5.191360186001760940e-02 -6.076677240093679266e+00 0.000000000000000000e+00
3.410000085830688477e+00 -3.390220217731001018e+00 -8.787725856316047635e-02 5.256744314987372296e-02 -6.060426060701995965e+00 0.000000000000000000e+00
3.420000076293945312e+00 -3.309472243729481455e+00 -7.447818073797032867e-02 5.315971246887279955e-02 -6.046434713557806262e+00 0.000000000000000000e+00
3.430000066757202148e+00 -3.232477695999289580e+00 -6.298960571344734694e-02 5.368812909794672128e-02 -6.034417721904209664e+00 0.000000000000000000e+00
3.440000057220458984e+00 -3.158987661946273562e+00 -5.316039680438901238e-02 5.415055764004826633e-02 -6.024126084453049756e+00 0.000000000000000000e+00
3.450000047683715820e+00 -3.088761648043934382e+00 -4.476784291462597432e-02 5.454521736880890703e-02 -6.015338870834526119e+00 0.000000000000000000e+00
3.460000038146972656e+00 -3.021593191107506016e+00 -3.761809908939746372e-02 5.487051341538257826e-02 -6.007863830962723917e+00 0.000000000000000000e+00
3.470000028610229492e+00 -2.957280859085126945e+00 -3.153993228347581196e-02 5.512519312515357095e-02 -6.001530984447031258e+00 0.000000000000000000e+00
3.480000019073486328e+00 -2.895652028687878410e+00 -2.638478782771703363e-02 5.530822730587030278e-02 -5.996192805810555804e+00 0.000000000000000000e+00
3.490000009536743164e+00 -2.836536651736815795e+00 -2.202201443646025977e-02 5.541891112692164112e-02 -5.991719348598247841e+00 0.000000000000000000e+00
3.500000000000000000e+00 -2.779789343330039131e+00 -1.833868463811501662e-02 5.545679730127751200e-02 -5.987998132625546255e+00 0.000000000000000000e+00
3.509999990463256836e+00 -2.725266145245443195e+00 -1.523598656774819739e-02 5.542174078880933441e-02 -5.984930491067648184e+00 0.000000000000000000e+00
3.519999980926513672e+00 -2.672841267489368455e+00 -1.262870218751433946e-02 5.531387898473023174e-02 -5.982431068491493420e+00 0.000000000000000000e+00
3.529999971389770508e+00 -2.622395276358898020e+00 -1.044294043125657510e-02 5.513363752550886482e-02 -5.980425548194456375e+00 0.000000000000000000e+00
3.539999961853027344e+00 -2.573818201563331520e+00 -8.614982643370619128e-03 5.488172763876449783e-02 -5.978849500293315522e+00 0.000000000000000000e+00
3.549999952316284180e+00 -2.527008072947252604e+00 -7.089988621581228521e-03 5.455914335367223478e-02 -5.977647090556618359e+00 0.000000000000000000e+00
3.559999942779541016e+00 -2.481870205991340672e+00 -5.820879051040448934e-03 5.416715757855234542e-02 -5.976769966761197317e+00 0.000000000000000000e+00
3.569999933242797852e+00 -2.438316562544462496e+00 -4.767341431307792893e-03 5.370731707801070648e-02 -5.976176269642006211e+00 0.000000000000000000e+00
3.579999923706054688e+00 -2.396265177704921978e+00 -3.894947924140527290e-03 5.318143636945003860e-02 -5.975829756843399565e+00 0.000000000000000000e+00
3.589999914169311523e+00 -2.355639645000576099e+00 -3.174374483502620959e-03 5.259159056303640972e-02 -5.975699029209175173e+00 0.000000000000000000e+00
3.599999904632568359e+00 -2.316368653064483141e+00 -2.580711467600365835e-03 5.194010717337412680e-02 -5.975756849582935182e+00 0.000000000000000000e+00
3.609999895095825195e+00 -2.278385567895230057e+00 -2.092856697315336693e-03 5.122955693520000325e-02 -5.975979545050824626e+00 0.000000000000000000e+00
3.619999885559082031e+00 -2.241628055553983589e+00 -1.692982631556946057e-03 5.046274365933794970e-02 -5.976346484260927738e+00 0.000000000000000000e+00
3.630000114440917969e+00 -2.206037740804152936e+00 -1.366069988728380990e-03 4.964269316894197315e-02 -5.976839622108495398e+00 0.000000000000000000e+00
3.640000104904174805e+00 -2.171559897761480062e+00 -1.099500762209329723e-03 4.877264135968500947e-02 -5.977443104691233522e+00 0.000000000000000000e+00
3.650000095367431641e+00 -2.138143169106446528e+00 -8.827041614760524702e-04 4.785602143100754075e-02 -5.978142928019177127e+00 0.000000000000000000e+00
3.660000085830688477e+00 -2.105739310828927291e+00 -7.068495623265524637e-04 4.689645033881129077e-02 -5.978926644512224442e+00 0.000000000000000000e+00
3.670000076293945312e+00 -2.074302959836919591e+00 -5.645810714822590030e-04 4.589771452305509841e-02 -5.979783111837136289e+00 0.000000000000000000e+00
3.680000066757202148e+00 -2.043791422075146080e+00 -4.497888035652849613e-04 4.486375496657167561e-02 -5.980702279125702958e+00 0.000000000000000000e+00
3.690000057220458984e+00 -2.014164479072340086e+00 -3.574124325440666849e-04 4.379865164406256811e-02 -5.981675006077190382e+00 0.000000000000000000e+00
3.700000047683715820e+00 -1.985384211073937921e+00 -2.832730153696932669e-04 4.270660742263525378e-02 -5.982692910881443282e+00 0.000000000000000000e+00
3.710000038146972656e+00 -1.957414835124620778e+00 -2.239294927717282516e-04 4.159193147741021418e-02 -5.983748243304070513e+00 0.000000000000000000e+00
3.720000028610229492e+00 -1.930222556646941534e+00 -1.765566511680143069e-04 4.045902228763979813e-02 -5.984833779652237062e+00 0.000000000000000000e+00
3.730000019073486328e+00 -1.903775433221604363e+00 -1.388416806148424880e-04 3.931235028043542079e-02 -5.985942736688888210e+00 0.000000000000000000e+00
3.740000009536743164e+00 -1.878043249414945715e+00 -1.088967871034347118e-04 3.815644019059067499e-02 -5.987068701885221778e+00 0.000000000000000000e+00
3.750000000000000000e+00 -1.852997401622320739e+00 -8.518561391383096357e-05 3.699585320610778577e-02 -5.988205577696515292e+00 0.000000000000000000e+00
3.759999990463256836e+00 -1.828610792004694563e+00 -6.646149698388069773e-05 3.583516896988087758e-02 -5.989347537815811862e+00 0.000000000000000000e+00
3.769999980926513672e+00 -1.804857730691604489e+00 -5.171582434029599080e-05 3.467896750855665317e-02 -5.990488993604492940e+00 0.000000000000000000e+00
3.779999971389770508e+00 -1.781713845508498872e+00 -4.013499073430373831e-05 3.353181115988081162e-02 -5.991624569119562871e+00 0.000000000000000000e+00
3.789999961853027344e+00 -1.759155998561593215e+00 -3.106463702343074251e-05 3.239822656984448629e-02 -5.992749083355888295e+00 0.000000000000000000e+00
3.799999952316284180e+00 -1.737162209080098663e+00 -2.398004094236322597e-05 3.128268683066915551e-02 -5.993857538498982507e+00 0.000000000000000000e+00
3.809999942779541016e+00 -1.715711581974956434e+00 -1.846168317780816351e-05 3.018959383011324271e-02 -5.994945113141773696e+00 0.000000000000000000e+00
3.819999933242797852e+00 -1.694784241625984844e+00 -1.417515161107773745e-05 2.912326088174955682e-02 -5.996007159558570443e+00 0.000000000000000000e+00
3.829999923706054688e+00 -1.674361270456411699e+00 -1.085466873295222099e-05 2.808789570475387146e-02 -5.997039204252688549e+00 0.000000000000000000e+00
3.839999914169311523e+00 -1.654424651895761045e+00 -8.289634066994525015e-06 2.708758382036586393e-02 -5.998036951102410086e+00 0.000000000000000000e+00
3.849999904632568359e+00 -1.634957217369641613e+00 -6.313666420020705673e-06 2.612627243053980419e-02 -5.998996286524588939e+00 0.000000000000000000e+00
3.859999895095825195e+00 -1.615942596988594548e+00 -4.795711315480004419e-06 2.520775484239898279e-02 -5.999913286157625869e+00 0.000000000000000000e+00
3.869999885559082031e+00 -1.597365173638335190e+00 -3.632848389911083310e-06 2.433565549995480096e-02 -6.000784222637143728e+00 0.000000000000000000e+00
3.880000114440917969e+00 -1.579210040200759835e+00 -2.744493096045204125e-06 2.351341568215489786e-02 -6.001605574099650120e+00 0.000000000000000000e+00
3.890000104904174805e+00 -1.561462959659446925e+00 -2.067737921879461538e-06 2.274427992369523754e-02 -6.002374033102936046e+00 0.000000000000000000e+00
3.900000095367431641e+00 -1.544110327865252597e+00 -1.553621574163835181e-06 2.203128321217942900e-02 -6.003086515698103476e+00 0.000000000000000000e+00
3.910000085830688477e+00 -1.527139138757354297e+00 -1.164151164493091858e-06 2.137723901214489200e-02 -6.003740170427728451e+00 0.000000000000000000e+00
3.920000076293945312e+00 -1.510536951852870402e+00 -8.699332608231058302e-07 2.078472816321257771e-02 -6.004332387058757270e+00 0.000000000000000000e+00
3.930000066757202148e+00 -1.494291861834281976e+00 -6.482955205195954767e-07 2.025608869616801061e-02 -6.004860804888061843e+00 0.000000000000000000e+00
3.940000057220458984e+00 -1.478392470078411902e+00 -4.818022102082231012e-07 1.979340660715895803e-02 -6.005323320483760163e+00 0.000000000000000000e+00
3.950000047683715820e+00 -1.462827857983866942e+00 -3.570848683102698579e-07 1.939850762641462043e-02 -6.005718094747162894e+00 0.000000000000000000e+00
3.960000038146972656e+00 -1.447587561965793856e+00 -2.639242277977400015e-07 1.907295001396652409e-02 -6.006043559198970705e+00 0.000000000000000000e+00
3.970000028610229492e+00 -1.432661549997599648e+00 -1.945317690234499420e-07 1.881801841079927887e-02 -6.006298421409678845e+00 0.000000000000000000e+00
3.980000019073486328e+00 -1.418040199589127193e+00 -1.429893314189608595e-07 1.863471876969416408e-02 -6.006481669508346499e+00 0.000000000000000000e+00
3.990000009536743164e+00 -1.403714277099699093e+00 -1.048134369066944080e-07 1.852377438576828170e-02 -6.006592575716378057e+00 0.000000000000000000e+00
4.000000000000000000e+00 -1.389674918292571837e+00 -7.661767420196800523e-08 1.848562304237289303e-02 -6.006630698864010576e+00 0.000000000000000000e+00
4.010000228881835938e+00 -1.375913610044756430e+00 -5.585192344394575164e-08 1.852041528361286424e-02 -6.006595885857019645e+00 0.000000000000000000e+00
4.019999980926513672e+00 -1.362422173132895153e+00 -4.060158644239018311e-08 1.862801382030391042e-02 -6.006488272069991474e+00 0.000000000000000000e+00
4.030000209808349609e+00 -1.349192746022057188e+00 -2.943351599715447748e-08 1.880799407171184975e-02 -6.006308280650513254e+00 0.000000000000000000e+00
4.039999961853027344e+00 -1.336217769589937321e+00 -2.127816472745314340e-08 1.905964584093591471e-02 -6.006056620725938267e+00 0.000000000000000000e+00
4.050000190734863281e+00 -1.323489972724090968e+00 -1.533973009490554883e-08 1.938197611732534256e-02 -6.005734284511113685e+00 0.000000000000000000e+00
4.059999942779541016e+00 -1.311002358734539630e+00 -1.102786602144398225e-08 1.977371299487091019e-02 -6.005342543321703808e+00 0.000000000000000000e+00
4.070000171661376953e+00 -1.298748192528398349e+00 -7.905951988903985228e-09 2.023331069110942057e-02 -6.004882942503551924e+00 0.000000000000000000e+00
4.079999923706054688e+00 -1.286720988497130236e+00 -5.652031097999981412e-09 2.075895564673693044e-02 -6.004357295294003194e+00 0.000000000000000000e+00
4.090000152587890625e+00 -1.274914499070651575e+00 -4.029409198939670052e-09 2.134857368186169127e-02 -6.003767675636256129e+00 0.000000000000000000e+00
4.099999904632568359e+00 -1.263322703895850108e+00 -2.864596641151793310e-09 2.199983818065834665e-02 -6.003116409972647283e+00 0.000000000000000000e+00
4.110000133514404297e+00 -1.251939799600130465e+00 -2.030811902576244222e-09 2.271017927212715115e-02 -6.002406068047394072e+00 0.000000000000000000e+00
4.119999885559082031e+00 -1.240760190103418203e+00 -1.435684166897721270e-09 2.347679397073110588e-02 -6.001639452753662063e+00 0.000000000000000000e+00
4.130000114440917969e+00 -1.229778477444643636e+00 -1.012115347859985302e-09 2.429665723689633863e-02 -6.000819589063928206e+00 0.000000000000000000e+00
4.139999866485595703e+00 -1.218989453091108066e+00 -7.115115040114845719e-10 2.516653391373135928e-02 -5.999949712086489306e+00 0.000000000000000000e+00
4.150000095367431641e+00 -1.208388089701337043e+00 -4.987852605469438873e-10 2.608299149286316676e-02 -5.999033254294631412e+00 0.000000000000000000e+00
4.159999847412109375e+00 -1.197969533314050983e+00 -3.486775968514634428e-10 2.704241365901670358e-02 -5.998073831978369519e+00 0.000000000000000000e+00
4.170000076293945312e+00 -1.187729095937755330e+00 -2.430592916294105910e-10 2.804101455989102543e-02 -5.997075230971876891e+00 0.000000000000000000e+00
4.179999828338623047e+00 -1.177662248517182375e+00 -1.689573890144565733e-10 2.907485374502361691e-02 -5.996041391712642721e+00 0.000000000000000000e+00
4.190000057220458984e+00 -1.167764614254411581e+00 -1.171164713902683531e-10 3.013985171469488189e-02 -5.994976393691130667e+00 0.000000000000000000e+00
4.199999809265136719e+00 -1.158031962263979198e+00 -8.095313437568798779e-11 3.123180601751659666e-02 -5.993884439352145321e+00 0.000000000000000000e+00
4.210000038146972656e+00 -1.148460201542651937e+00 -5.579860637384884065e-11 3.234640783318448731e-02 -5.992769837511323416e+00 0.000000000000000000e+00
4.219999790191650391e+00 -1.139045375235805624e+00 -3.835183466546317829e-11 3.347925897495934722e-02 -5.991636986352101957e+00 0.000000000000000000e+00
4.230000019073486328e+00 -1.129783655183531188e+00 -2.628579888317455050e-11 3.462588924478546271e-02 -5.990490356070209188e+00 0.000000000000000000e+00
4.239999771118164062e+00 -1.120671336730669765e+00 -1.796501630882870144e-11 3.578177407256372816e-02 -5.989334471234109891e+00 0.000000000000000000e+00
4.250000000000000000e+00 -1.111704833785999380e+00 -1.224347288264574044e-11 3.694235236997531896e-02 -5.988173892930976905e+00 0.000000000000000000e+00
4.260000228881835938e+00 -1.102880674116727855e+00 -8.320537780310461904e-12 3.810304452840504452e-02 -5.987013200768624088e+00 0.000000000000000000e+00
4.269999980926513672e+00 -1.094195494865318974e+00 -5.638546236180221912e-12 3.925927048994541646e-02 -5.985856974804402597e+00 0.000000000000000000e+00
4.280000209808349609e+00 -1.085646038276495196e+00 -3.810229183030712805e-12 4.040646782017359023e-02 -5.984709777472345671e+00 0.000000000000000000e+00
4.289999961853027344e+00 -1.077229147623009364e+00 -2.567452992957518001e-12 4.154010971138637903e-02 -5.983576135579889765e+00 0.000000000000000000e+00
4.300000190734863281e+00 -1.068941763319477101e+00 -1.725125175975841470e-12 4.265572284525358249e-02 -5.982460522445181006e+00 0.000000000000000000e+00
4.309999942779541016e+00 -1.060780919214227458e+00 -1.155858612310194049e-12 4.374890504440332589e-02 -5.981367340245461683e+00 0.000000000000000000e+00
4.320000171661376953e+00 -1.052743739049722516e+00 -7.722432025388098361e-13 4.481534264328775746e-02 -5.980300902646193961e+00 0.000000000000000000e+00
4.329999923706054688e+00 -1.044827433082677448e+00 -5.144794877554977866e-13 4.585082750978320548e-02 -5.979265417779440206e+00 0.000000000000000000e+00
4.340000152587890625e+00 -1.037029294855538186e+00 -3.417794494817241603e-13 4.685127365035859914e-02 -5.978264971638692415e+00 0.000000000000000000e+00
4.349999904632568359e+00 -1.029346698111461844e+00 -2.264055540683556399e-13 4.781273333328863590e-02 -5.977303511955646798e+00 0.000000000000000000e+00
4.360000133514404297e+00 -1.021777093845420259e+00 -1.495515116017435435e-13 4.873141266628972651e-02 -5.976384832622568588e+00 0.000000000000000000e+00
4.369999885559082031e+00 -1.014318007484465323e+00 -9.850459775486658754e-14 4.960368656710983926e-02 -5.975512558721697509e+00 0.000000000000000000e+00
4.380000114440917969e+00 -1.006967036190606013e+00 -6.469690999076066461e-14 5.042611306799901078e-02 -5.974690132220774608e+00 0.000000000000000000e+00
4.389999866485595703e+00 -9.997218462801215066e-01 -4.237125306628841912e-14 5.119544689761523770e-02 -5.973920798391135989e+00 0.000000000000000000e+00
4.400000095367431641e+00 -9.925801707534870344e-01 -2.767064050221535041e-14 5.190865228677172399e-02 -5.973207593001965243e+00 0.000000000000000000e+00
4.409999847412109375e+00 -9.855398069304214248e-01 -1.801883325089123176e-14 5.256291494749514709e-02 -5.972553330341232147e+00 0.000000000000000000e+00
4.420000076293945312e+00 -9.785986141848728170e-01 -1.170019492655397593e-14 5.315565317812492169e-02 -5.971960592110595378e+00 0.000000000000000000e+00
4.429999828338623047e+00 -9.717545117750517880e-01 -7.575615831246231204e-15 5.368452805063388122e-02 -5.971431717238083081e+00 0.000000000000000000e+00
4.440000057220458984e+00 -9.650054767638879261e-01 -4.891033673156859873e-15 5.414745263997105401e-02 -5.970968792648743140e+00 0.000000000000000000e+00
4.449999809265136719e+00 -9.583495420255466746e-01 -3.148768172317611039e-15 5.454260025900794367e-02 -5.970573645029704224e+00 0.000000000000000000e+00
4.460000038146972656e+00 -9.517847943338795247e-01 -2.021331370039514241e-15 5.486841166659341823e-02 -5.970247833622117639e+00 0.000000000000000000e+00
4.469999790191650391e+00 -9.453093725289042348e-01 -1.293869934412245251e-15 5.512360122027459147e-02 -5.969992644068435439e+00 0.000000000000000000e+00
4.480000019073486328e+00 -9.389214657576246958e-01 -8.258468064721749650e-16 5.530716194940484692e-02 -5.969809083339304934e+00 0.000000000000000000e+00
4.489999771118164062e+00 -9.326193117856985682e-01 -5.256100180607748619e-16 5.541836952862122523e-02 -5.969697875760088479e+00 0.000000000000000000e+00
4.500000000000000000e+00 -9.264011953766453367e-01 -3.335665961708875422e-16 5.545678513601143278e-02 -5.969659460152698216e+00 0.000000000000000000e+00
4.510000228881835938e+00 -9.322856917431313617e-01 -5.130580491324526400e-16 5.542225718469246526e-02 -5.969693988104016746e+00 0.000000000000000000e+00
4.519999980926513672e+00 -9.385833224383639539e-01 -8.062481678287643600e-16 5.531492192096819360e-02 -5.969801323367741830e+00 0.000000000000000000e+00
4.530000209808349609e+00 -9.449666133144172253e-01 -1.263357368648329598e-15 5.513520288670518965e-02 -5.969981042402005222e+00 0.000000000000000000e+00
4.539999961853027344e+00 -9.514373240596589731e-01 -1.973964941461386649e-15 5.488380924804892036e-02 -5.970232436040662449e+00 0.000000000000000000e+00
4.550000190734863281e+00 -9.579972628930232270e-01 -3.075451631892838227e-15 5.456173299707429286e-02 -5.970554512291637472e+00 0.000000000000000000e+00
4.559999942779541016e+00 -9.646482882486608901e-01 -4.777878860620755883e-15 5.417024503741358493e-02 -5.970946000251299957e+00 0.000000000000000000e+00
4.570000171661376953e+00 -9.713923105312550765e-01 -7.401481591149744485e-15 5.371089016930719051e-02 -5.971405355119409286e+00 0.000000000000000000e+00
4.579999923706054688e+00 -9.782312939454864686e-01 -1.143299536199024424e-14 5.318548099386616324e-02 -5.971930764294854477e+00 0.000000000000000000e+00
4.590000152587890625e+00 -9.851672584033268620e-01 -1.761001705184047114e-14 5.259609076060044186e-02 -5.972520154528126568e+00 0.000000000000000000e+00
4.599999904632568359e+00 -9.922022815130516760e-01 -2.704696083335937546e-14 5.194504518643578567e-02 -5.973171200102300737e+00 0.000000000000000000e+00
4.610000133514404297e+00 -9.993385006540873583e-01 -4.142253627185337611e-14 5.123491327850165228e-02 -5.973881332010249068e+00 0.000000000000000000e+00
4.619999885559082031e+00 -1.006578115142042540e+00 -6.325793422305605624e-14 5.046849719690277292e-02 -5.974647748091869381e+00 0.000000000000000000e+00
4.630000114440917969e+00 -1.013923388488535027e+00 -9.632832838048647416e-14 4.964882119747608680e-02 -5.975467424091329249e+00 0.000000000000000000e+00
4.639999866485595703e+00 -1.021376650760687399e+00 -1.462696935767305939e-13 4.877911969816388360e-02 -5.976337125590691635e+00 0.000000000000000000e+00
4.650000095367431641e+00 -1.028940301045460082e+00 -2.214708691944443209e-13 4.786282451609365912e-02 -5.977253420772837167e+00 0.000000000000000000e+00
4.659999847412109375e+00 -1.036616810024298729e+00 -3.343808783805832966e-13 4.690355132572639890e-02 -5.978212693963317115e+00 0.000000000000000000e+00
4.670000076293945312e+00 -1.044408722663895617e+00 -5.034188490512740540e-13 4.590508539150885831e-02 -5.979211159897703354e+00 0.000000000000000000e+00
4.679999828338623047e+00 -1.052318661029225888e+00 -7.557556221661706046e-13 4.487136663132892250e-02 -5.980244878658135477e+00 0.000000000000000000e+00
4.690000057220458984e+00 -1.060349327225386329e+00 -1.131352272086057496e-12 4.380647406971292790e-02 -5.981309771220127303e+00 0.000000000000000000e+00
4.699999809265136719e+00 -1.068503506475174003e+00 -1.688805224018471464e-12 4.271460974211183786e-02 -5.982401635548286301e+00 0.000000000000000000e+00
4.710000038146972656e+00 -1.076784070339765753e+00 -2.513779752261477539e-12 4.160008211379027931e-02 -5.983516163177432290e+00 0.000000000000000000e+00
4.719999790191650391e+00 -1.085193980090321197e+00 -3.731140089022728681e-12 4.046728907874639486e-02 -5.984648956213693971e+00 0.000000000000000000e+00
4.730000019073486328e+00 -1.093736290238830122e+00 -5.522341960036971979e-12 3.932070060574836823e-02 -5.985795544688483183e+00 0.000000000000000000e+00
4.739999771118164062e+00 -1.102414152237042089e+00 -8.150292588484249891e-12 3.816484109996621382e-02 -5.986951404196893201e+00 0.000000000000000000e+00
4.750000000000000000e+00 -1.111230818352894278e+00 -1.199477312623671779e-11 3.700427154979890609e-02 -5.988111973750904760e+00 0.000000000000000000e+00
4.760000228881835938e+00 -1.120189645734449790e+00 -1.760275315721657943e-11 3.584357152934523894e-02 -5.989272673776966371e+00 0.000000000000000000e+00
4.769999980926513672e+00 -1.129294100672016521e+00 -2.575963405971587332e-11 3.468732112753604435e-02 -5.990428924186932846e+00 0.000000000000000000e+00
4.780000209808349609e+00 -1.138547763069815533e+00 -3.758981027270548248e-11 3.354008287523477239e-02 -5.991576162451064391e+00 0.000000000000000000e+00
4.789999961853027344e+00 -1.147954331139314110e+00 -5.469816747610941593e-11 3.240638374162188584e-02 -5.992709861601785093e+00 0.000000000000000000e+00
4.800000190734863281e+00 -1.157517626327153382e+00 -7.936855650266490131e-11 3.129069727090453418e-02 -5.993825548097173161e+00 0.000000000000000000e+00
4.809999942779541016e+00 -1.167241598491464361e+00 -1.148413087374147463e-10 3.019742592983959417e-02 -5.994918819473710414e+00 0.000000000000000000e+00
4.820000171661376953e+00 -1.177130331341303737e+00 -1.657000485528208387e-10 2.913088373572640319e-02 -5.995985361718682682e+00 0.000000000000000000e+00
4.829999923706054688e+00 -1.187188048154942610e+00 -2.384091481973824128e-10 2.809527923341842773e-02 -5.997020966293700184e+00 0.000000000000000000e+00
4.840000152587890625e+00 -1.197419117793836918e+00 -3.420581347051636412e-10 2.709469888852619746e-02 -5.998021546742241306e+00 0.000000000000000000e+00
4.849999904632568359e+00 -1.207828061030265632e+00 -4.893894791353988349e-10 2.613309096234136403e-02 -5.998983154815757501e+00 0.000000000000000000e+00
4.860000133514404297e+00 -1.218419557207893300e+00 -6.982131569951140431e-10 2.521424993211118792e-02 -5.999901996054811448e+00 0.000000000000000000e+00
4.869999885559082031e+00 -1.229198451255873126e+00 -9.933473604756502695e-10 2.434180151814030468e-02 -6.000774444763916193e+00 0.000000000000000000e+00
4.880000114440917969e+00 -1.240169761078581345e+00 -1.409272623590787236e-09 2.351918837680250229e-02 -6.001597058321179290e+00 0.000000000000000000e+00
4.889999866485595703e+00 -1.251338685344658641e+00 -1.993750089310802062e-09 2.274965651591772525e-02 -6.002366590766541776e+00 0.000000000000000000e+00
4.900000095367431641e+00 -1.262710611700767149e+00 -2.812738475227406300e-09 2.203624248609839520e-02 -6.003080005615348824e+00 0.000000000000000000e+00
4.909999847412109375e+00 -1.274291125437321481e+00 -3.957054612009055611e-09 2.138176139860792704e-02 -6.003734487847156132e+00 0.000000000000000000e+00
4.920000076293945312e+00 -1.286086018635485217e+00 -5.551367081012561146e-09 2.078879581701264384e-02 -6.004327455023063642e+00 0.000000000000000000e+00
4.929999828338623047e+00 -1.298101299826901922e+00 -7.766301457919916048e-09 2.025968556646007973e-02 -6.004856567488550567e+00 0.000000000000000000e+00
4.940000057220458984e+00 -1.310343204200008271e+00 -1.083468165734485695e-08 1.979651850079621953e-02 -6.005319737622594189e+00 0.000000000000000000e+00
4.949999809265136719e+00 -1.322818204389360597e+00 -1.507325088582641666e-08 1.940112226395418124e-02 -6.005715138098005390e+00 0.000000000000000000e+00
4.960000038146972656e+00 -1.335533021887193472e+00 -2.091162789281453456e-08 1.907505707812378812e-02 -6.006041209122213509e+00 0.000000000000000000e+00
4.969999790191650391e+00 -1.348494639119491634e+00 -2.893078478786832463e-08 1.881960958715961710e-02 -6.006296664632333915e+00 0.000000000000000000e+00
4.980000019073486328e+00 -1.361710312232152997e+00 -3.991401311669363483e-08 1.863578777952137541e-02 -6.006480497423201115e+00 0.000000000000000000e+00
4.989999771118164062e+00 -1.375187584636448745e+00 -5.491421418901464777e-08 1.852431701078030915e-02 -6.006591983192143047e+00 0.000000000000000000e+00
5.000000000000000000e+00 -1.388934301366901325e+00 -7.534245604450829950e-08 1.848563714138703670e-02 -6.006630683489778022e+00 0.000000000000000000e+00
